*0 0 0 0 0 0 70 45 -40 0 -5 30 80 0 -10 0 0 -45 0 0 0 0 0 0 0 0 30 0 0 0 0 -60
0 1 0 0 0 0 70 35 -50 -25 -15 30 55 0 10 0 0 -45 0 0 0 0 0 0 0 70 50 0 50 -75 -20 -60
0 1 0 0 0 0 45 45 -50 -25 -30 70 55 0 10 0 0 -45 0 0 0 0 0 0 115 30 0 -30 80 -130 -30 -60
0 1 0 0 5 0 10 45 -50 -25 -30 70 20 5 35 -15 15 -90 0 0 0 0 0 0 115 30 0 -25 80 -115 -20 -60
*0 0 0 0 5 0 10 45 -50 -25 -30 70 20 5 35 -15 15 -90 0 0 0 0 0 0 75 10 0 100 80 -115 -20 -60
0 1 0 0 5 0 10 45 -50 -25 -30 70 20 5 35 -15 15 -90 0 0 0 0 0 0 115 30 0 -25 80 -115 -20 -60
0 1 0 0 -20 0 10 45 -50 -25 -30 70 20 5 35 -15 15 -90 0 0 0 0 0 0 135 30 0 40 130 -190 -30 -60
0 1 0 0 -25 0 10 45 -50 -25 -30 70 20 5 35 -15 15 -90 0 0 0 0 0 0 115 40 0 40 130 -190 -30 -60
*0 0 0 0 -25 0 10 45 -50 -25 -30 70 20 5 35 -15 15 -90 0 0 0 0 0 0 45 5 10 185 255 -190 -30 -60
0 0 0 0 -25 0 10 45 -50 -25 -30 70 20 5 35 -15 15 -90 0 0 0 0 0 0 45 70 10 50 165 -240 -30 -60
0 1 0 0 -25 0 10 45 -65 -25 -30 75 20 5 50 -15 15 -90 0 0 0 0 0 0 45 70 50 50 155 -240 -35 -80
0 1 0 0 -25 0 10 45 -65 -120 -30 75 35 5 50 -75 15 -90 0 0 0 0 0 0 35 70 50 50 155 -240 -35 -80
*0 0 0 0 -25 0 45 45 -55 -120 -5 75 55 5 15 -75 -20 -90 0 0 0 0 0 0 -70 85 50 60 245 -310 -10 -80
0 0 0 0 -25 0 45 45 -55 -115 10 50 55 25 10 -75 -20 -90 0 0 0 0 0 0 -80 65 75 60 210 -310 -10 -80
0 0 0 0 -25 0 45 45 -55 -115 10 50 55 25 10 -75 -20 -90 0 0 0 0 0 0 -35 50 95 80 130 -290 -10 -80
0 1 0 0 -25 0 -10 -30 -55 -60 220 175 85 5 10 -130 -20 -90 0 0 0 0 0 0 -25 35 125 80 130 -290 -35 -80
*0 1 0 0 -15 0 0 -5 -145 -60 270 320 110 60 70 -130 80 125 0 0 0 0 0 0 0 20 135 90 280 -290 -35 -80
0 0 0 0 -15 0 0 15 -120 -60 270 200 110 45 65 -130 165 125 0 0 0 0 0 0 -15 20 135 90 215 -290 0 -65
0 0 0 0 -15 0 10 10 -40 -60 270 200 70 45 45 -130 165 125 0 0 0 0 0 -5 -15 35 135 90 135 -300 0 -65
0 0 0 0 -15 0 10 5 -20 -60 270 200 70 -20 -5 -130 140 95 20 5 0 -40 5 -5 -70 65 135 90 150 -300 0 -65
*0 0 0 0 -15 0 -25 5 -10 -60 270 200 45 -15 -5 -130 155 95 20 5 0 -40 10 -5 -120 85 155 90 175 -300 0 -65
0 0 0 0 -10 0 -20 5 -10 -60 270 200 45 -10 -20 -130 155 95 20 15 0 -40 10 -5 -120 80 155 90 185 -300 0 -65
0 0 0 0 -5 0 -20 5 -10 -60 270 200 25 -10 -20 -130 155 95 20 15 0 -40 10 -5 -120 80 155 90 185 -300 0 -65
0 0 0 0 0 0 -40 5 -10 -60 270 200 25 -10 -20 -130 155 95 20 15 0 -40 0 -5 -130 90 155 90 195 -300 0 -65
*0 0 0 0 0 0 -50 10 -10 -65 270 200 40 -5 -20 -130 155 95 20 15 0 -40 0 -5 -140 95 155 90 220 -300 0 -65
0 1 0 0 -40 0 45 -10 0 -65 230 230 85 5 20 -130 160 95 0 15 0 -5 -5 -5 -140 85 160 90 235 -300 15 -40
0 1 0 0 -115 0 70 -10 10 -65 230 265 85 5 20 -130 160 95 0 15 0 -5 -5 -5 -165 65 160 90 270 -275 0 -5
0 1 0 0 -240 0 70 -10 10 -65 230 265 85 5 40 -130 160 95 -15 20 0 -5 -5 20 -165 70 155 90 280 -275 -30 -5
*0 1 0 0 -320 0 40 0 15 -60 230 270 45 5 65 -130 195 95 -20 20 0 -5 0 20 -155 135 155 85 265 -275 -30 -5
0 0 0 0 -330 0 40 20 15 -60 230 270 20 15 50 -130 195 95 -5 20 -5 -25 0 20 -165 140 170 90 270 -275 -30 -5
0 0 0 0 -340 0 -25 30 -45 10 210 270 20 15 25 -130 195 95 -5 20 -5 -20 15 25 -165 140 190 100 265 -275 -45 0
0 0 0 0 -345 0 -15 40 -45 10 210 270 30 10 0 -130 175 95 -5 20 -5 -40 10 25 -170 120 190 105 240 -275 -35 -10
*0 0 0 0 -5 0 -15 40 -45 10 210 270 35 5 -20 -130 165 95 -5 20 -5 -40 10 25 -170 95 190 105 240 -275 -35 -20
0 1 0 0 -345 0 -15 30 -30 10 235 305 20 -75 25 -130 200 95 65 0 -5 -40 -5 20 -185 120 180 90 270 -275 -35 -25
0 0 0 0 -5 0 20 5 -15 10 205 305 0 -80 25 -130 200 95 40 10 -10 -55 5 -5 -195 100 205 90 265 -265 0 -15
-1 1 0 0 -5 0 40 0 0 45 185 315 -10 -65 25 -130 200 95 10 10 -10 -15 -5 -5 -195 105 205 90 265 -265 5 -15
*-1 2 0 0 -5 0 45 -10 0 45 190 315 -5 -95 25 -130 200 95 5 -10 -10 0 10 -5 -200 115 205 90 265 -265 -25 -20
-1 1 0 0 -5 0 40 10 0 15 215 315 -5 -75 25 -130 200 95 5 -10 -5 0 5 0 -205 125 205 90 195 -265 -45 -20
-1 0 0 0 -5 0 40 25 0 5 225 315 10 -55 25 -130 200 95 5 0 -5 0 10 0 -210 90 205 90 195 -265 -45 -20
0 1 0 0 -5 0 0 30 -25 55 220 315 15 -30 15 -130 200 95 5 0 -20 -5 0 0 -165 80 200 90 210 -265 5 -30
*0 2 0 0 0 0 -15 30 -25 65 220 315 25 -20 15 -130 185 95 5 0 -20 -5 0 0 -200 95 200 100 265 -265 -35 -30
0 1 0 0 0 0 0 15 -25 70 220 315 20 -55 15 -130 185 95 25 0 -20 -65 -15 0 -200 100 200 100 265 -265 -35 -30
0 1 0 0 0 0 10 15 -25 75 210 300 25 -80 15 -130 185 95 25 5 -20 -100 -15 5 -200 105 200 90 265 -265 -35 -30
0 0 0 0 0 0 20 15 -15 55 195 275 20 -70 30 -130 185 95 25 0 -20 -70 -5 5 -200 105 200 90 265 -265 -30 0
*0 0 0 0 0 0 20 10 -15 55 195 275 20 -100 30 -130 185 95 25 -25 -10 -45 10 15 -200 110 200 90 265 -265 -30 0
0 0 0 0 0 0 20 30 -15 55 195 275 40 -75 40 -130 185 95 25 -25 -10 -60 5 15 -215 110 210 90 265 -265 -5 10
0 0 0 0 -5 0 20 40 -15 60 180 275 45 -65 50 -130 185 95 25 -25 -10 -60 5 20 -240 80 235 95 275 -265 25 0
-1 0 0 0 -10 0 25 40 -15 65 180 275 45 -65 50 -130 185 95 25 -50 -10 -60 30 35 -240 105 235 95 275 -265 25 10
*-1 1 0 0 -10 0 25 40 -15 65 180 275 45 -65 50 -130 185 95 -20 -80 -15 -65 90 60 -240 110 235 95 275 -265 -15 -15
-1 1 0 0 -10 0 25 50 -25 65 180 275 55 -60 50 -130 185 95 -20 -60 -20 -65 90 60 -215 115 235 95 180 -265 -15 -15
-1 1 0 0 -10 0 20 70 -25 70 180 275 75 -70 50 -130 155 95 -10 -50 -20 -70 80 60 -205 120 235 95 160 -265 -15 -15
-1 0 0 0 -10 0 25 90 -25 70 180 275 85 -70 55 -130 150 80 -10 -80 -20 -70 65 60 -205 115 235 95 180 -265 -15 -15
*-1 0 0 0 -10 0 25 70 -25 70 180 275 85 -70 55 -130 150 80 60 -115 50 -70 70 65 -205 90 235 85 225 -265 -35 5
-1 0 0 0 0 0 30 60 -40 70 180 275 85 -70 55 -130 150 80 60 -100 50 -70 60 70 -205 90 235 85 225 -265 -35 5
-1 0 0 0 0 0 35 75 -40 70 180 275 85 -70 55 -130 150 80 60 -100 50 -65 75 75 -205 85 235 85 225 -265 -35 5
0 1 0 0 0 0 20 60 -40 70 180 275 85 -70 55 -130 150 80 60 -100 50 -65 80 55 -205 95 235 85 215 -265 -30 5
*0 1 0 0 0 0 45 70 -40 70 180 275 95 -70 55 -130 145 70 60 -125 50 -65 95 60 -205 95 235 85 245 -280 -55 5
1 0 0 0 0 0 45 70 -40 70 180 250 95 -70 55 -130 145 70 65 -25 50 -15 95 -90 -220 105 240 95 240 -280 -5 5
1 0 0 0 0 0 60 70 -40 70 180 225 90 -100 55 -130 145 70 60 -5 50 -15 75 -95 -225 115 240 95 240 -280 0 5
0 1 0 0 0 0 145 70 -40 120 190 245 170 -100 60 -130 145 70 45 -210 15 130 185 0 -170 5 185 205 -5 -170 0 5
*-1 1 0 0 -5 0 190 20 -40 120 95 245 225 -55 65 -130 110 145 0 -190 15 5 190 0 -170 10 155 190 0 -170 -10 -45
-1 1 0 0 0 0 200 20 -40 120 95 245 245 -55 65 -130 95 135 0 -175 15 5 185 5 -170 10 155 190 0 -170 -10 -45
-1 1 0 0 5 0 185 20 -40 120 95 245 245 -55 65 -130 95 135 0 -175 15 5 180 -5 -175 20 145 185 0 -170 -10 -45
-1 1 0 0 5 0 190 20 -40 120 95 245 240 -55 65 -130 95 135 0 -185 15 0 175 0 -170 20 145 185 -15 -170 -20 -40
*-1 1 0 0 5 0 190 20 -40 120 95 245 240 -55 65 -130 95 135 0 -185 15 0 175 0 -170 20 145 185 -15 -170 -20 -40
-1 1 0 0 5 0 155 20 -40 125 95 165 205 -50 65 -130 95 85 0 -185 10 0 175 0 -170 20 155 185 -15 -170 -20 -40
-1 0 0 0 0 0 100 20 -40 65 -10 165 160 -50 65 -130 95 85 0 -185 10 0 175 0 -170 20 170 185 -15 -170 -20 -40
-1 0 0 0 0 0 75 40 -90 65 -10 165 160 -35 120 -130 85 40 0 -185 10 0 175 0 -175 20 190 185 -15 -170 -10 -10
*-1 0 -1 0 0 0 80 40 -90 65 -10 165 125 -35 120 -130 85 40 -25 -180 5 0 175 0 -175 20 195 185 -5 -175 -10 -10
-1 0 -1 0 -15 0 100 55 -65 65 -10 165 170 -25 120 -130 95 60 0 -180 5 25 175 0 -175 25 190 200 -5 -175 -5 5
-1 0 -1 0 -30 0 115 55 -65 65 -10 165 190 0 120 -130 95 60 0 -180 25 25 180 0 -175 25 190 200 -5 -175 -5 5
-1 0 -1 0 -60 0 125 55 -65 80 -10 165 185 5 125 -130 95 60 0 -180 35 15 180 0 -175 25 190 200 -5 -175 -20 5
*-1 0 -1 0 -90 0 130 55 -65 80 -10 165 185 35 125 -130 95 60 -10 -180 35 0 170 0 -175 25 190 200 0 -175 -40 5
0 0 -1 0 -90 0 135 55 -65 80 -10 165 170 -50 115 -130 95 60 0 -175 20 15 175 0 -175 10 180 200 0 -175 5 -30
0 0 -1 0 -90 0 105 35 -85 80 -10 135 170 -70 115 -130 95 60 0 -190 15 15 175 0 -175 5 180 200 0 -175 5 -30
1 0 -1 0 -90 0 90 35 -85 80 -10 135 145 -70 115 -130 95 60 10 -180 0 15 175 0 -175 5 180 200 0 -175 5 -30
*2 0 -1 0 -90 0 65 60 -85 80 -10 135 115 -55 120 -130 90 50 0 -180 0 0 175 0 -190 5 180 200 0 -175 0 -10
2 0 -1 0 -90 0 75 30 -45 80 -50 85 170 -55 120 -130 90 50 5 -180 0 10 185 0 -190 -25 165 200 0 -175 -5 -25
2 0 -1 0 -90 0 70 30 -45 80 -75 85 185 -70 120 -130 90 50 5 -180 0 10 185 0 -190 -25 145 185 0 -175 5 -45
2 0 -1 0 -90 0 185 190 120 80 -85 55 185 -70 120 -130 90 50 5 -165 0 20 185 0 -190 -25 145 185 0 -175 15 -45
*2 0 -1 0 -90 0 185 185 110 80 -85 55 190 -75 120 -130 90 80 5 -165 0 20 185 0 -190 -25 145 185 0 -175 15 -45
3 0 0 0 -100 0 190 190 110 80 -80 15 195 -70 120 -130 90 80 5 -165 0 15 180 0 -170 0 180 185 0 -175 10 5
4 0 1 0 -115 0 200 225 110 80 -80 10 195 -85 110 -130 90 80 0 -165 0 15 180 0 -170 0 180 185 0 -175 10 5
6 0 2 0 -125 0 185 240 110 105 -105 10 195 -95 110 -145 90 75 -5 -165 0 15 180 0 -165 0 180 185 0 -175 5 -5
*8 0 3 0 -125 0 185 240 110 105 -105 10 195 -95 110 -145 90 75 -15 -165 0 20 185 0 -170 -15 180 185 0 -175 -5 0
9 0 3 0 -135 0 185 240 110 105 -105 10 195 -95 110 -145 90 75 5 -165 0 20 185 0 -175 -15 180 185 0 -175 5 -5
10 0 2 0 -160 0 185 240 110 105 -105 10 195 -95 110 -145 90 75 10 -160 0 20 195 -10 -175 -40 180 185 0 -175 5 -5
12 0 1 0 -190 0 185 240 110 105 -105 10 195 -95 110 -145 90 75 10 -175 0 20 185 -5 -170 -25 185 185 10 -175 5 -5
*13 0 -1 0 -165 0 185 240 110 105 -105 10 195 -95 110 -145 90 75 10 -175 0 20 185 -5 -145 -25 185 245 20 -180 5 -5
14 0 -1 0 -135 0 185 240 110 105 -105 10 195 -95 110 -145 90 75 10 -175 0 20 190 -5 -115 -25 190 270 20 -180 -5 -30
14 0 -1 0 -105 0 215 240 110 105 -105 -20 225 -95 110 -145 90 45 10 -175 0 20 190 -5 -100 -25 190 285 20 -180 -5 -30
15 0 -1 0 -20 0 240 240 110 105 -105 10 260 -95 120 -145 90 80 10 -170 0 20 190 -5 -50 -25 215 285 20 -180 5 -45
*16 0 -1 0 -5 0 280 235 105 105 -100 100 290 -65 120 -145 85 145 10 -170 30 5 195 -5 -180 -10 165 175 10 -180 -45 -10
16 0 -1 0 -10 0 280 235 105 105 -100 100 290 -65 120 -145 85 145 10 -170 30 5 195 -5 -180 -10 165 175 10 -180 -5 -40
16 0 -1 0 -15 0 280 235 105 105 -100 100 290 -65 120 -145 85 145 10 -170 30 5 195 -5 -180 -10 165 175 10 -180 -5 -40
16 0 -1 0 -20 0 280 235 105 105 -100 100 290 -65 120 -145 85 145 10 -170 30 5 195 -5 -180 -10 165 175 10 -180 -5 -40
*16 0 -1 0 -20 0 285 235 105 105 -100 100 290 -65 120 -145 85 145 10 -170 35 5 195 -5 -180 -10 165 175 10 -180 -5 -40
16 0 -1 0 0 0 240 235 105 105 -100 55 255 -65 120 -145 85 95 10 -170 15 5 195 -5 -180 -10 165 175 10 -180 -5 -10
15 0 0 0 25 0 210 235 105 105 -100 55 225 -65 120 -145 85 95 10 -170 15 5 195 -5 -180 -10 165 175 10 -180 -5 -10
14 0 1 0 45 0 185 245 105 105 -95 30 200 -85 115 -145 85 95 -5 -170 5 5 195 -5 -190 -10 165 175 10 -180 5 -20
*13 0 1 0 75 0 185 245 105 105 -95 30 200 -85 115 -145 85 95 5 -170 5 5 195 -5 -200 -10 165 175 10 -180 5 -25
11 0 2 0 110 0 185 245 105 105 -95 30 200 -85 115 -145 85 95 -15 -170 5 5 195 -5 -175 -10 165 175 10 -180 0 -10
10 0 2 0 170 0 185 245 105 105 -95 30 200 -85 115 -145 85 95 5 -170 5 5 195 -5 -175 -10 180 175 10 -180 0 -10
9 1 1 0 250 0 185 245 105 105 -95 30 200 -85 115 -145 85 95 75 -170 5 75 195 -5 -170 -10 180 195 10 -180 0 -20
*7 1 0 0 -10 0 185 245 105 105 -95 30 200 -85 115 -145 85 95 110 -200 5 110 200 -5 -170 -10 180 195 10 -180 0 -20
6 1 -1 0 -10 0 170 240 105 105 -95 30 185 -85 115 -145 85 95 125 -200 5 110 205 -5 -170 -10 180 185 10 -180 -20 5
6 1 -1 0 -10 0 170 240 105 105 -95 30 185 -85 115 -145 85 100 100 -200 5 110 205 -5 -170 -10 180 185 10 -180 -20 5
6 1 -1 0 -10 0 165 240 105 105 -95 30 180 -85 115 -145 75 110 55 -200 5 75 205 -5 -170 -10 180 185 10 -180 -20 5
*6 0 -1 0 -5 0 165 240 105 105 -95 30 180 -85 115 -145 75 110 55 -185 5 75 205 -5 -170 -10 170 185 10 -180 -20 5
6 0 -1 0 0 0 165 240 105 105 -95 30 140 -70 115 -145 75 110 35 -185 5 40 205 -5 -170 -10 170 185 10 -180 -20 5
6 0 -1 0 0 0 165 250 105 105 -95 30 140 -65 115 -145 95 135 35 -185 5 40 205 -5 -170 -10 185 185 10 -180 -20 5
6 0 -1 0 5 0 165 250 105 105 -95 30 140 -65 115 -145 95 135 35 -185 0 40 205 -5 -170 -10 190 185 10 -180 -20 5
*5 1 -1 0 5 0 165 250 105 105 -95 30 140 -55 115 -145 95 135 35 -185 0 40 205 -5 -170 -10 165 185 10 -180 -20 5
5 1 -1 0 25 0 165 250 105 105 -95 30 130 -35 145 -145 95 135 -5 -185 0 20 205 -5 -170 -10 185 185 10 -180 -5 0
5 1 -1 0 35 0 165 250 105 105 -95 30 130 -35 145 -145 95 135 -5 -185 0 20 205 -5 -160 -10 185 215 10 -180 -5 0
4 0 -1 0 40 0 160 210 105 105 -95 30 90 -50 145 -145 95 135 0 -185 0 20 205 -5 -165 -10 185 185 10 -180 5 -10
*4 0 -1 0 40 0 265 210 105 105 -85 105 90 -50 145 -145 95 135 75 -185 0 125 205 -5 -165 -10 185 185 10 -180 5 -10
4 0 -1 0 45 0 270 210 105 105 -85 105 90 -50 145 -145 95 135 110 -185 0 145 205 -5 -165 -10 185 185 10 -180 -40 -10
4 0 -1 0 35 0 270 210 105 105 -85 105 90 -50 145 -145 95 135 80 -185 0 145 205 -5 -165 -10 185 185 10 -180 -40 -10
4 0 -1 0 30 0 270 210 105 105 -85 105 90 -50 145 -145 95 135 20 -185 0 55 205 -5 -165 -10 185 185 10 -180 -40 -10
*5 0 -1 0 30 0 270 210 105 105 -85 105 120 -50 145 -145 95 135 -15 -185 0 10 205 -5 -180 -10 185 185 10 -180 -40 -10
5 0 1 0 30 0 270 210 105 105 -85 105 120 -50 145 -145 95 135 0 -185 0 10 215 -5 -155 -10 185 185 10 -180 5 -35
5 0 1 0 30 0 180 210 105 190 -10 105 120 -50 145 -145 95 135 0 -185 0 10 215 -5 -155 -10 185 185 10 -180 -20 -40
6 0 1 0 -35 0 165 240 105 190 -60 105 200 -50 145 -145 95 135 -15 -185 0 10 215 -5 -170 -10 185 185 10 -180 0 5
*7 0 -1 0 -85 0 150 240 105 190 -60 105 190 -115 140 -145 95 135 -20 -185 0 0 215 -5 -170 -10 185 185 10 -180 -25 0
8 0 -2 0 -135 0 150 240 105 190 -60 105 185 -130 140 -145 95 135 5 -185 0 0 215 -5 -195 -10 185 185 10 -180 -5 -10
8 0 -2 0 -225 0 280 240 105 190 -60 105 320 -85 165 -145 110 90 -5 -195 -10 0 195 -5 -165 -10 185 245 10 -180 -5 -10
9 1 -2 0 -350 0 275 240 105 120 -90 105 345 -40 160 -145 100 135 0 -195 -10 0 195 -5 -90 15 160 245 10 -180 10 -75
*9 2 -2 10 0 25 55 130 110 105 -70 105 295 -25 130 -95 100 60 25 -225 10 65 200 5 -45 -20 125 255 10 -180 -20 5
10 4 -1 10 -10 25 55 130 110 105 -70 105 290 -50 145 -95 130 95 25 -240 10 90 200 5 -45 -20 125 255 10 -180 -20 -50
10 4 -1 10 -45 25 55 130 110 105 -70 105 290 -50 145 -95 130 95 25 -240 10 90 200 5 -45 -20 125 255 10 -180 -20 -50
11 4 -1 10 -65 25 55 130 110 105 -70 105 290 -50 145 -95 130 95 25 -240 10 90 200 5 -45 -20 125 255 10 -180 -20 -50
*12 4 -1 10 -90 25 55 130 110 105 -70 105 290 -50 145 -95 130 95 25 -240 10 90 200 5 -45 -20 125 255 10 -180 -20 -50
12 4 0 10 -110 25 55 130 110 105 -70 105 290 -50 145 -95 130 95 25 -240 10 90 200 5 -45 -20 125 255 10 -180 5 5
12 4 1 10 -120 25 60 130 110 100 -85 105 290 -50 145 -95 95 95 25 -240 10 90 200 5 -45 -20 125 255 10 -180 5 5
12 4 1 -5 -145 25 60 130 110 100 -85 105 290 -50 145 -95 95 95 25 -240 10 90 200 5 -45 -20 125 255 10 -180 5 5
*11 4 2 -5 -180 25 60 130 110 100 -85 105 290 -50 145 -95 95 95 25 -240 10 90 200 5 -45 -20 125 255 10 -180 5 5
10 5 2 -5 -200 25 25 130 110 65 -85 105 275 -50 145 -130 95 95 75 -240 10 90 200 5 -40 -10 130 310 15 -180 5 5
9 5 3 -5 -200 25 25 130 110 65 -85 105 275 -50 145 -130 95 95 110 -200 -30 90 200 5 -40 -10 130 310 15 -180 5 5
8 6 3 -5 -220 25 -25 130 110 65 -85 105 180 -35 145 -130 95 95 110 -200 -30 90 200 5 -40 -10 130 310 15 -180 5 5
*7 6 2 -5 -255 25 -100 130 110 40 -85 105 150 -35 145 -145 95 95 140 -200 -30 90 200 5 -40 -10 130 310 15 -180 5 5
8 7 2 -15 -270 25 -95 130 110 40 -85 105 150 -35 145 -145 95 95 145 -155 -30 135 200 5 -40 -10 130 310 15 -180 5 5
7 8 2 0 -295 25 -95 130 110 40 -85 105 150 -35 145 -145 95 95 120 -215 -30 115 200 15 -70 20 190 310 15 -180 5 5
7 9 2 45 -330 30 -25 130 110 40 -85 105 235 -35 145 -145 95 95 50 -220 0 115 200 15 -85 -10 200 310 15 -180 5 5
*6 10 1 -80 -170 -85 5 175 110 110 -85 105 175 -30 110 -145 95 145 0 -180 0 15 180 -20 -75 -10 205 310 15 -180 -50 -60
6 10 0 -80 -180 -65 10 175 140 110 -85 105 175 -5 45 -145 95 145 0 -165 0 0 180 -20 -90 -10 205 270 15 -180 -75 -45
7 10 0 -80 -180 -45 10 175 175 110 -85 105 185 -5 -10 -145 95 145 0 -165 0 0 180 -20 -80 -10 205 235 15 -180 -75 -45
8 10 0 -80 -180 -25 5 175 185 110 -85 105 185 -5 -15 -145 95 145 0 -165 0 0 180 -20 -75 -10 205 205 15 -180 -75 -45
*9 10 0 -80 -185 0 5 175 185 110 -85 105 185 -5 -15 -145 95 145 0 -175 -5 0 180 -20 -75 -10 190 185 15 -180 5 -70
12 10 -2 -85 -185 35 5 175 185 110 -85 105 185 -5 -15 -145 95 145 0 -175 -5 0 180 -20 -75 -10 190 185 15 -180 5 -70
12 10 -2 -85 -185 45 5 175 185 110 -85 105 185 -5 -15 -145 95 145 0 -175 -5 0 180 -20 -75 -10 190 185 15 -180 -75 -75
12 10 -1 -85 -185 60 5 175 185 110 -85 105 185 -5 -15 -145 95 145 0 -175 -5 0 180 -20 -75 -10 185 185 15 -180 -75 -75
*13 10 2 -85 -185 85 5 175 185 110 -85 105 185 -5 -15 -145 95 145 0 -175 -5 0 180 -20 -75 -10 185 185 15 -180 -75 -75
13 10 3 -85 -185 100 5 175 185 110 -85 105 185 -5 -15 -145 95 145 0 -175 -5 0 180 -20 -75 -10 185 185 15 -180 -75 -75
11 10 3 -85 -185 140 5 175 185 110 -85 105 185 -5 -15 -145 95 145 0 -175 -5 0 180 -20 -75 -10 185 185 15 -180 -75 -75
10 10 5 -85 -185 160 5 175 185 110 -85 105 185 -5 -15 -145 95 145 0 -175 -5 0 180 -20 -75 -10 185 185 15 -180 -75 -75
*10 10 5 -85 -185 175 5 175 185 110 -85 105 185 -5 -15 -145 95 145 0 -175 -5 0 180 -20 -75 -10 185 185 15 -180 -75 -75
8 10 5 -85 -185 200 5 175 185 110 -85 105 185 -5 -15 -145 95 145 0 -175 -5 0 180 -20 -75 -10 185 185 15 -180 -75 -75
6 10 5 -95 -185 215 5 175 185 110 -85 105 185 -5 -15 -145 95 145 0 -175 -5 0 180 -20 -75 -10 185 185 15 -180 -75 -75
5 10 5 -95 -185 235 5 175 185 110 -85 105 185 -5 -15 -145 95 145 0 -175 -5 0 180 -20 -75 -10 185 185 15 -180 -75 -75
*5 10 2 -95 -185 270 5 175 185 110 -85 105 185 -5 -15 -145 95 145 0 -175 -5 0 180 -20 -75 -10 185 185 15 -180 -75 -75
5 10 1 -95 -185 270 5 175 185 110 -85 105 185 -5 -15 -145 95 145 0 -175 -5 0 180 -20 -120 -10 185 185 15 -180 -75 -75
5 10 1 -95 -185 270 5 175 185 110 -85 105 185 -5 -15 -145 95 145 0 -175 -5 0 180 -20 -155 -10 185 185 15 -180 -75 -75
5 10 0 -95 -185 270 5 175 185 110 -85 105 185 -5 -15 -145 95 145 -10 -175 -5 0 180 -20 -190 -10 185 185 15 -180 -75 -75
*5 10 2 -95 -185 270 5 175 185 110 -85 105 185 -5 -15 -145 95 145 -10 -175 -5 0 180 -20 -190 -10 185 185 15 -180 -75 -75
4 10 2 -95 -185 270 5 175 185 110 -85 105 185 -5 -15 -145 95 145 -10 -175 -5 0 180 -20 -190 -10 185 185 15 -180 -75 -75
3 10 2 -95 -185 270 5 175 185 110 -85 105 185 -5 -15 -145 95 145 -10 -175 -5 0 180 -20 -190 -10 185 185 15 -180 -75 -75
2 10 2 -95 -185 270 5 175 185 110 -85 105 185 -5 -15 -145 95 145 -10 -175 -5 0 180 -20 -190 -10 185 185 15 -180 -75 -75
*1 10 1 -95 -185 270 5 175 185 110 -85 105 185 -5 -15 -145 95 145 -10 -175 -5 0 180 -20 -190 -10 185 185 15 -180 -75 -75
1 9 1 -95 -185 270 5 175 185 110 -85 105 185 -5 -15 -145 95 145 -10 -175 -5 0 180 -20 -190 -10 185 185 15 -180 -75 -75
1 7 1 -95 -185 270 5 175 185 110 -85 105 185 -5 -15 -145 95 145 -5 -175 -5 0 180 -20 -190 -10 185 185 15 -180 -75 -75
1 8 1 -95 -185 270 5 175 185 110 -85 105 185 -5 -15 -145 95 145 -5 -175 -5 0 180 -20 -190 -10 185 185 15 -180 -75 -75
*1 10 1 -125 -185 270 5 175 185 110 -85 105 185 -5 -15 -145 95 145 -5 -175 -5 0 180 -20 -190 -10 185 185 15 -180 -75 -75
1 11 1 -155 -185 270 5 175 185 110 -85 105 185 -5 -15 -145 95 145 -5 -175 -5 0 180 -20 -190 -10 185 185 15 -180 -75 -75
1 11 1 -215 -185 270 5 175 185 110 -85 105 185 -5 -15 -145 95 145 -5 -175 -5 0 180 -20 -190 -10 185 185 15 -180 -75 -75
1 10 1 -255 -185 270 5 175 185 110 -85 105 185 -5 -15 -145 95 145 -5 -175 -5 0 180 -20 -190 -10 185 185 15 -180 -75 -75
*1 9 1 -270 -185 270 0 175 185 100 -85 105 170 -5 -15 -145 95 145 5 -175 -5 0 180 -20 -170 -10 185 185 15 -180 -75 -75
1 8 1 -270 -185 270 -70 175 185 100 -85 105 105 -5 -15 -145 95 145 25 -175 -5 0 180 -20 -150 -10 185 185 15 -180 -75 -75
2 9 1 -270 -185 270 -100 175 185 100 -85 105 75 -5 -15 -145 95 145 45 -175 -5 0 180 -20 -135 -10 185 185 15 -180 -75 -75
4 12 1 -270 -185 270 -100 175 185 100 -85 105 75 -5 -15 -145 95 145 50 -175 -5 0 180 -20 -130 -10 185 185 15 -180 -75 -75
*7 14 1 -270 -185 270 -80 180 170 100 -85 105 100 -5 10 -145 95 145 50 -175 -5 0 180 0 -130 -10 185 185 15 -180 -75 -75
13 11 1 -270 -220 270 -80 180 170 100 -85 105 100 -5 10 -145 95 145 50 -175 -5 0 180 0 -130 -10 185 185 15 -180 -75 -75
16 3 1 -270 -260 270 -90 180 170 100 -85 105 90 -5 10 -145 95 145 50 -175 -5 0 180 0 -130 -10 185 185 15 -180 -75 -75
14 -4 1 -270 -295 280 -90 180 170 100 -85 105 90 -5 10 -145 95 145 50 -175 -5 0 180 0 -130 -10 185 185 15 -180 -75 -75
*7 -8 1 -270 -315 280 -60 180 170 100 -85 105 110 -5 10 -145 95 145 50 -175 -5 0 180 0 -130 -10 185 185 15 -180 -75 -75
1 -9 1 -245 -330 280 -10 180 190 100 -85 105 135 5 45 -145 95 145 50 -175 -5 0 180 0 -130 -10 185 185 15 -180 -75 -75
-4 -9 -1 -195 -5 280 -35 180 190 100 -85 105 170 -5 15 -145 95 145 95 -205 5 80 185 0 -80 25 190 255 15 -180 -75 -75
-4 -8 4 -200 -65 230 -60 180 190 100 -85 105 115 -5 -35 -145 95 145 115 -170 0 135 185 0 -45 5 170 315 15 -180 -75 -75
*-3 -8 4 -150 -100 235 -90 180 190 110 -85 105 90 -5 -35 -145 95 145 120 -170 0 35 185 0 -45 5 170 250 15 -180 -75 -75
5 -8 4 -150 -130 235 -30 180 190 110 -85 105 150 -5 -35 -145 95 145 120 -170 30 35 185 0 -45 5 220 250 15 -180 -75 -75
9 -6 4 -190 -175 230 -30 180 190 110 -85 105 140 -5 -35 -145 95 145 120 -170 15 70 195 10 -45 5 220 285 15 -180 -20 -80
13 -2 1 -240 -230 230 -55 180 190 110 -85 105 120 -5 -35 -145 95 145 85 -170 15 70 195 10 -95 5 220 255 0 -150 -5 -80
*14 -1 1 -240 -255 240 -75 185 170 110 -85 105 110 -10 -10 -145 95 145 40 -170 10 70 195 10 -135 15 205 255 0 -150 15 0
13 0 0 -240 -270 240 -110 185 170 135 -95 105 45 -10 -10 -115 95 145 25 -170 10 95 195 10 -125 15 205 255 0 -150 15 0
12 0 0 -240 -270 240 -155 185 170 160 -95 105 45 -10 -10 -115 95 145 15 -170 10 65 195 10 -155 15 205 240 0 -150 15 0
11 -1 2 -240 -270 240 -220 185 170 160 -95 105 -20 -10 -10 -15 115 145 15 -170 10 65 195 10 -155 15 205 240 0 -150 10 15
*11 -1 2 -180 -255 185 -205 195 170 165 -95 105 20 -10 -10 -30 115 145 15 -170 10 65 195 10 -155 15 205 240 0 -150 10 15
11 -1 2 -180 -240 185 -205 195 170 165 -95 105 40 -10 -10 -45 115 145 15 -170 10 65 195 10 -155 15 205 240 0 -150 10 15
11 -1 2 -180 -235 185 -205 195 170 165 -95 105 40 10 -10 -45 115 145 15 -170 10 65 195 10 -155 15 205 240 0 -150 10 15
11 -1 2 -180 -225 185 -205 195 170 165 -95 105 55 30 -10 -45 115 145 15 -170 10 65 195 10 -155 15 205 240 0 -150 10 15
*11 -1 2 -180 -225 185 -205 195 170 165 -95 105 65 40 -10 -55 100 145 15 -170 10 65 195 10 -155 15 205 240 0 -150 10 15
10 -2 2 -180 -225 185 -205 195 170 165 -95 105 65 15 0 -55 125 170 65 -170 10 105 195 10 -120 15 205 280 0 -150 10 15
11 -2 2 -180 -225 185 -195 195 170 165 -95 105 85 15 0 -70 150 90 70 -160 10 65 195 10 -105 25 180 275 0 -150 10 -55
13 0 2 -180 -215 185 -165 210 145 165 -20 160 90 20 45 -70 150 90 25 -160 10 25 195 10 -165 15 165 195 10 -185 5 0
*14 1 1 -180 -195 185 -155 160 135 140 -95 135 180 20 45 -70 90 70 -15 -195 40 -5 195 5 -190 5 175 185 10 -185 -50 0
14 1 1 -180 -185 185 -155 160 135 140 -95 135 180 20 45 -70 90 70 -15 -195 40 -5 195 5 -190 5 175 185 10 -185 -50 0
14 1 1 -180 -235 185 -130 160 150 140 -95 135 75 20 45 0 135 70 -20 -190 25 -5 195 5 -190 5 175 185 10 -185 -5 0
13 1 3 -180 -255 185 -95 160 150 140 -95 135 65 50 45 -15 135 70 0 -190 10 -5 195 5 -205 35 175 185 10 -185 -5 0
*12 1 3 -180 -270 185 -95 160 150 140 -95 135 95 5 45 10 130 70 0 -190 10 -5 195 0 -205 35 175 185 10 -185 -5 0
12 1 4 -180 -310 185 -95 160 150 140 -95 135 95 5 75 10 85 70 -5 -190 10 -5 195 0 -175 35 175 185 10 -185 -5 0
10 1 4 -180 -15 185 -95 160 150 140 -95 135 95 5 75 10 85 70 -10 -190 20 -5 195 0 -170 15 185 185 10 -185 -5 0
9 1 4 -175 -85 185 -90 175 140 155 185 265 95 5 75 10 85 70 35 -190 0 50 195 0 -175 15 175 185 10 -185 -5 0
*7 1 3 -175 -115 185 -70 175 105 160 185 265 90 5 45 10 180 70 55 -190 0 95 195 0 -175 15 175 185 10 -185 -5 0
7 1 3 -175 -135 185 -70 175 105 160 185 265 90 5 75 10 180 70 85 -190 0 130 195 0 -175 15 175 185 10 -185 -45 5
7 1 3 -175 -145 190 -70 175 105 160 185 265 90 5 75 10 180 70 105 -190 0 130 195 0 -190 15 185 185 10 -185 -45 5
7 1 3 -180 -135 190 -70 175 105 160 185 265 90 5 75 10 180 70 110 -190 0 130 195 0 -190 15 190 185 10 -185 -45 5
*7 1 3 -180 -150 190 -70 170 115 160 185 265 90 5 75 10 180 70 125 -190 0 150 195 0 -190 15 190 185 10 -185 -45 5
6 1 3 -180 -150 190 -65 170 115 160 185 265 115 5 75 10 180 70 125 -190 0 150 195 0 -150 15 190 240 10 -185 -45 5
5 2 2 -180 -150 190 -65 170 115 160 185 265 110 5 30 10 180 70 130 -190 0 150 195 0 -110 15 190 290 5 -185 -45 5
3 3 2 -180 -150 190 -65 170 115 160 185 265 110 5 30 10 180 70 130 -190 0 150 195 0 -110 15 190 290 5 -185 -45 5
*2 2 1 -180 -170 185 -90 160 130 160 185 265 85 5 30 10 180 70 65 -190 0 90 195 0 -100 -5 190 290 5 -185 -45 5
1 1 0 -180 -170 185 -90 160 130 160 185 265 85 5 30 10 180 70 20 -190 0 40 200 0 -140 -5 190 290 5 -185 -45 5
0 0 0 -180 -170 180 -105 160 130 160 185 265 80 5 15 10 180 70 -5 -190 0 0 200 0 -165 -5 180 235 5 -185 -5 0
0 0 0 -180 -175 180 -115 140 130 160 185 265 70 10 30 10 180 70 0 -190 0 0 200 0 -175 -5 180 195 5 -185 -5 0
*0 0 0 -180 -180 180 -115 140 130 160 185 265 60 10 40 15 305 -25 0 -190 0 0 200 0 -175 -5 170 195 5 -185 -5 0
0 1 0 0 0 0 70 35 -50 -25 -15 30 55 0 10 0 0 -45 0 0 0 0 0 0 0 70 50 0 50 -75 -20 -60
0 1 0 0 0 0 45 45 -50 -25 -30 70 55 0 10 0 0 -45 0 0 0 0 0 0 115 30 0 -30 80 -130 -30 -60
0 1 0 0 5 0 10 45 -50 -25 -30 70 20 5 35 -15 15 -90 0 0 0 0 0 0 115 30 0 -25 80 -115 -20 -60
*0 0 0 0 5 0 10 45 -50 -25 -30 70 20 5 35 -15 15 -90 0 0 0 0 0 0 75 10 0 100 80 -115 -20 -60
0 1 0 0 5 0 10 45 -50 -25 -30 70 20 5 35 -15 15 -90 0 0 0 0 0 0 115 30 0 -25 80 -115 -20 -60
0 1 0 0 -20 0 10 45 -50 -25 -30 70 20 5 35 -15 15 -90 0 0 0 0 0 0 135 30 0 40 130 -190 -30 -60
0 1 0 0 -25 0 10 45 -50 -25 -30 70 20 5 35 -15 15 -90 0 0 0 0 0 0 115 40 0 40 130 -190 -30 -60
*0 0 0 0 -25 0 10 45 -50 -25 -30 70 20 5 35 -15 15 -90 0 0 0 0 0 0 45 5 10 185 255 -190 -30 -60
0 0 0 0 -25 0 10 45 -50 -25 -30 70 20 5 35 -15 15 -90 0 0 0 0 0 0 45 70 10 50 165 -240 -30 -60
0 1 0 0 -25 0 10 45 -65 -25 -30 75 20 5 50 -15 15 -90 0 0 0 0 0 0 45 70 50 50 155 -240 -35 -80
0 1 0 0 -25 0 10 45 -65 -120 -30 75 35 5 50 -75 15 -90 0 0 0 0 0 0 35 70 50 50 155 -240 -35 -80
*0 0 0 0 -25 0 45 45 -55 -120 -5 75 55 5 15 -75 -20 -90 0 0 0 0 0 0 -70 85 50 60 245 -310 -10 -80
0 0 0 0 -25 0 45 45 -55 -115 10 50 55 25 10 -75 -20 -90 0 0 0 0 0 0 -80 65 75 60 210 -310 -10 -80
0 0 0 0 -25 0 45 45 -55 -115 10 50 55 25 10 -75 -20 -90 0 0 0 0 0 0 -35 50 95 80 130 -290 -10 -80
0 1 0 0 -25 0 -10 -30 -55 -60 220 175 85 5 10 -130 -20 -90 0 0 0 0 0 0 -25 35 125 80 130 -290 -35 -80
*0 1 0 0 -15 0 0 -5 -145 -60 270 320 110 60 70 -130 80 125 0 0 0 0 0 0 0 20 135 90 280 -290 -35 -80
0 0 0 0 -15 0 0 15 -120 -60 270 200 110 45 65 -130 165 125 0 0 0 0 0 0 -15 20 135 90 215 -290 0 -65
0 0 0 0 -15 0 10 10 -40 -60 270 200 70 45 45 -130 165 125 0 0 0 0 0 -5 -15 35 135 90 135 -300 0 -65
0 0 0 0 -15 0 10 5 -20 -60 270 200 70 -20 -5 -130 140 95 20 5 0 -40 5 -5 -70 65 135 90 150 -300 0 -65
*0 0 0 0 -15 0 -25 5 -10 -60 270 200 45 -15 -5 -130 155 95 20 5 0 -40 10 -5 -120 85 155 90 175 -300 0 -65
0 0 0 0 -10 0 -20 5 -10 -60 270 200 45 -10 -20 -130 155 95 20 15 0 -40 10 -5 -120 80 155 90 185 -300 0 -65
0 0 0 0 -5 0 -20 5 -10 -60 270 200 25 -10 -20 -130 155 95 20 15 0 -40 10 -5 -120 80 155 90 185 -300 0 -65
0 0 0 0 0 0 -40 5 -10 -60 270 200 25 -10 -20 -130 155 95 20 15 0 -40 0 -5 -130 90 155 90 195 -300 0 -65
*0 0 0 0 0 0 -50 10 -10 -65 270 200 40 -5 -20 -130 155 95 20 15 0 -40 0 -5 -140 95 155 90 220 -300 0 -65
0 1 0 0 -40 0 45 -10 0 -65 230 230 85 5 20 -130 160 95 0 15 0 -5 -5 -5 -140 85 160 90 235 -300 15 -40
0 1 0 0 -115 0 70 -10 10 -65 230 265 85 5 20 -130 160 95 0 15 0 -5 -5 -5 -165 65 160 90 270 -275 0 -5
0 1 0 0 -240 0 70 -10 10 -65 230 265 85 5 40 -130 160 95 -15 20 0 -5 -5 20 -165 70 155 90 280 -275 -30 -5
*0 1 0 0 -320 0 40 0 15 -60 230 270 45 5 65 -130 195 95 -20 20 0 -5 0 20 -155 135 155 85 265 -275 -30 -5
0 0 0 0 -330 0 40 20 15 -60 230 270 20 15 50 -130 195 95 -5 20 -5 -25 0 20 -165 140 170 90 270 -275 -30 -5
0 0 0 0 -340 0 -25 30 -45 10 210 270 20 15 25 -130 195 95 -5 20 -5 -20 15 25 -165 140 190 100 265 -275 -45 0
0 0 0 0 -345 0 -15 40 -45 10 210 270 30 10 0 -130 175 95 -5 20 -5 -40 10 25 -170 120 190 105 240 -275 -35 -10
*0 0 0 0 -5 0 -15 40 -45 10 210 270 35 5 -20 -130 165 95 -5 20 -5 -40 10 25 -170 95 190 105 240 -275 -35 -20
0 1 0 0 -345 0 -15 30 -30 10 235 305 20 -75 25 -130 200 95 65 0 -5 -40 -5 20 -185 120 180 90 270 -275 -35 -25
0 0 0 0 -5 0 20 5 -15 10 205 305 0 -80 25 -130 200 95 40 10 -10 -55 5 -5 -195 100 205 90 265 -265 0 -15
-1 1 0 0 -5 0 40 0 0 45 185 315 -10 -65 25 -130 200 95 10 10 -10 -15 -5 -5 -195 105 205 90 265 -265 5 -15
*-1 2 0 0 -5 0 45 -10 0 45 190 315 -5 -95 25 -130 200 95 5 -10 -10 0 10 -5 -200 115 205 90 265 -265 -25 -20
-1 1 0 0 -5 0 40 10 0 15 215 315 -5 -75 25 -130 200 95 5 -10 -5 0 5 0 -205 125 205 90 195 -265 -45 -20
-1 0 0 0 -5 0 40 25 0 5 225 315 10 -55 25 -130 200 95 5 0 -5 0 10 0 -210 90 205 90 195 -265 -45 -20
0 1 0 0 -5 0 0 30 -25 55 220 315 15 -30 15 -130 200 95 5 0 -20 -5 0 0 -165 80 200 90 210 -265 5 -30
*0 2 0 0 0 0 -15 30 -25 65 220 315 25 -20 15 -130 185 95 5 0 -20 -5 0 0 -200 95 200 100 265 -265 -35 -30
0 1 0 0 0 0 0 15 -25 70 220 315 20 -55 15 -130 185 95 25 0 -20 -65 -15 0 -200 100 200 100 265 -265 -35 -30
0 1 0 0 0 0 10 15 -25 75 210 300 25 -80 15 -130 185 95 25 5 -20 -100 -15 5 -200 105 200 90 265 -265 -35 -30
0 0 0 0 0 0 20 15 -15 55 195 275 20 -70 30 -130 185 95 25 0 -20 -70 -5 5 -200 105 200 90 265 -265 -30 0
*0 0 0 0 0 0 20 10 -15 55 195 275 20 -100 30 -130 185 95 25 -25 -10 -45 10 15 -200 110 200 90 265 -265 -30 0
0 0 0 0 0 0 20 30 -15 55 195 275 40 -75 40 -130 185 95 25 -25 -10 -60 5 15 -215 110 210 90 265 -265 -5 10
0 0 0 0 -5 0 20 40 -15 60 180 275 45 -65 50 -130 185 95 25 -25 -10 -60 5 20 -240 80 235 95 275 -265 25 0
-1 0 0 0 -10 0 25 40 -15 65 180 275 45 -65 50 -130 185 95 25 -50 -10 -60 30 35 -240 105 235 95 275 -265 25 10
*-1 1 0 0 -10 0 25 40 -15 65 180 275 45 -65 50 -130 185 95 -20 -80 -15 -65 90 60 -240 110 235 95 275 -265 -15 -15
-1 1 0 0 -10 0 25 50 -25 65 180 275 55 -60 50 -130 185 95 -20 -60 -20 -65 90 60 -215 115 235 95 180 -265 -15 -15
-1 1 0 0 -10 0 20 70 -25 70 180 275 75 -70 50 -130 155 95 -10 -50 -20 -70 80 60 -205 120 235 95 160 -265 -15 -15
-1 0 0 0 -10 0 25 90 -25 70 180 275 85 -70 55 -130 150 80 -10 -80 -20 -70 65 60 -205 115 235 95 180 -265 -15 -15
*-1 0 0 0 -10 0 25 70 -25 70 180 275 85 -70 55 -130 150 80 60 -115 50 -70 70 65 -205 90 235 85 225 -265 -35 5
-1 0 0 0 0 0 30 60 -40 70 180 275 85 -70 55 -130 150 80 60 -100 50 -70 60 70 -205 90 235 85 225 -265 -35 5
-1 0 0 0 0 0 35 75 -40 70 180 275 85 -70 55 -130 150 80 60 -100 50 -65 75 75 -205 85 235 85 225 -265 -35 5
0 1 0 0 0 0 20 60 -40 70 180 275 85 -70 55 -130 150 80 60 -100 50 -65 80 55 -205 95 235 85 215 -265 -30 5
*0 1 0 0 0 0 45 70 -40 70 180 275 95 -70 55 -130 145 70 60 -125 50 -65 95 60 -205 95 235 85 245 -280 -55 5
1 0 0 0 0 0 45 70 -40 70 180 250 95 -70 55 -130 145 70 65 -25 50 -15 95 -90 -220 105 240 95 240 -280 -5 5
1 0 0 0 0 0 60 70 -40 70 180 225 90 -100 55 -130 145 70 60 -5 50 -15 75 -95 -225 115 240 95 240 -280 0 5
0 1 0 0 0 0 145 70 -40 120 190 245 170 -100 60 -130 145 70 45 -210 15 130 185 0 -170 5 185 205 -5 -170 0 5
*-1 1 0 0 -5 0 190 20 -40 120 95 245 225 -55 65 -130 110 145 0 -190 15 5 190 0 -170 10 155 190 0 -170 -10 -45
-1 1 0 0 0 0 200 20 -40 120 95 245 245 -55 65 -130 95 135 0 -175 15 5 185 5 -170 10 155 190 0 -170 -10 -45
-1 1 0 0 5 0 185 20 -40 120 95 245 245 -55 65 -130 95 135 0 -175 15 5 180 -5 -175 20 145 185 0 -170 -10 -45
-1 1 0 0 5 0 190 20 -40 120 95 245 240 -55 65 -130 95 135 0 -185 15 0 175 0 -170 20 145 185 -15 -170 -20 -40
*-1 1 0 0 5 0 190 20 -40 120 95 245 240 -55 65 -130 95 135 0 -185 15 0 175 0 -170 20 145 185 -15 -170 -20 -40
-1 1 0 0 5 0 155 20 -40 125 95 165 205 -50 65 -130 95 85 0 -185 10 0 175 0 -170 20 155 185 -15 -170 -20 -40
-1 0 0 0 0 0 100 20 -40 65 -10 165 160 -50 65 -130 95 85 0 -185 10 0 175 0 -170 20 170 185 -15 -170 -20 -40
-1 0 0 0 0 0 75 40 -90 65 -10 165 160 -35 120 -130 85 40 0 -185 10 0 175 0 -175 20 190 185 -15 -170 -10 -10
*-1 0 -1 0 0 0 80 40 -90 65 -10 165 125 -35 120 -130 85 40 -25 -180 5 0 175 0 -175 20 195 185 -5 -175 -10 -10
-1 0 -1 0 -15 0 100 55 -65 65 -10 165 170 -25 120 -130 95 60 0 -180 5 25 175 0 -175 25 190 200 -5 -175 -5 5
-1 0 -1 0 -30 0 115 55 -65 65 -10 165 190 0 120 -130 95 60 0 -180 25 25 180 0 -175 25 190 200 -5 -175 -5 5
-1 0 -1 0 -60 0 125 55 -65 80 -10 165 185 5 125 -130 95 60 0 -180 35 15 180 0 -175 25 190 200 -5 -175 -20 5
*-1 0 -1 0 -90 0 130 55 -65 80 -10 165 185 35 125 -130 95 60 -10 -180 35 0 170 0 -175 25 190 200 0 -175 -40 5
0 0 -1 0 -90 0 135 55 -65 80 -10 165 170 -50 115 -130 95 60 0 -175 20 15 175 0 -175 10 180 200 0 -175 5 -30
0 0 -1 0 -90 0 105 35 -85 80 -10 135 170 -70 115 -130 95 60 0 -190 15 15 175 0 -175 5 180 200 0 -175 5 -30
1 0 -1 0 -90 0 90 35 -85 80 -10 135 145 -70 115 -130 95 60 10 -180 0 15 175 0 -175 5 180 200 0 -175 5 -30
*2 0 -1 0 -90 0 65 60 -85 80 -10 135 115 -55 120 -130 90 50 0 -180 0 0 175 0 -190 5 180 200 0 -175 0 -10
2 0 -1 0 -90 0 75 30 -45 80 -50 85 170 -55 120 -130 90 50 5 -180 0 10 185 0 -190 -25 165 200 0 -175 -5 -25
2 0 -1 0 -90 0 70 30 -45 80 -75 85 185 -70 120 -130 90 50 5 -180 0 10 185 0 -190 -25 145 185 0 -175 5 -45
2 0 -1 0 -90 0 185 190 120 80 -85 55 185 -70 120 -130 90 50 5 -165 0 20 185 0 -190 -25 145 185 0 -175 15 -45
*2 0 -1 0 -90 0 185 185 110 80 -85 55 190 -75 120 -130 90 80 5 -165 0 20 185 0 -190 -25 145 185 0 -175 15 -45
3 0 0 0 -100 0 190 190 110 80 -80 15 195 -70 120 -130 90 80 5 -165 0 15 180 0 -170 0 180 185 0 -175 10 5
4 0 1 0 -115 0 200 225 110 80 -80 10 195 -85 110 -130 90 80 0 -165 0 15 180 0 -170 0 180 185 0 -175 10 5
6 0 2 0 -125 0 185 240 110 105 -105 10 195 -95 110 -145 90 75 -5 -165 0 15 180 0 -165 0 180 185 0 -175 5 -5
*8 0 3 0 -125 0 185 240 110 105 -105 10 195 -95 110 -145 90 75 -15 -165 0 20 185 0 -170 -15 180 185 0 -175 -5 0
9 0 3 0 -135 0 185 240 110 105 -105 10 195 -95 110 -145 90 75 5 -165 0 20 185 0 -175 -15 180 185 0 -175 5 -5
10 0 2 0 -160 0 185 240 110 105 -105 10 195 -95 110 -145 90 75 10 -160 0 20 195 -10 -175 -40 180 185 0 -175 5 -5
12 0 1 0 -190 0 185 240 110 105 -105 10 195 -95 110 -145 90 75 10 -175 0 20 185 -5 -170 -25 185 185 10 -175 5 -5
*13 0 -1 0 -165 0 185 240 110 105 -105 10 195 -95 110 -145 90 75 10 -175 0 20 185 -5 -145 -25 185 245 20 -180 5 -5
14 0 -1 0 -135 0 185 240 110 105 -105 10 195 -95 110 -145 90 75 10 -175 0 20 190 -5 -115 -25 190 270 20 -180 -5 -30
14 0 -1 0 -105 0 215 240 110 105 -105 -20 225 -95 110 -145 90 45 10 -175 0 20 190 -5 -100 -25 190 285 20 -180 -5 -30
15 0 -1 0 -20 0 240 240 110 105 -105 10 260 -95 120 -145 90 80 10 -170 0 20 190 -5 -50 -25 215 285 20 -180 5 -45
*16 0 -1 0 -5 0 280 235 105 105 -100 100 290 -65 120 -145 85 145 10 -170 30 5 195 -5 -180 -10 165 175 10 -180 -45 -10
16 0 -1 0 -10 0 280 235 105 105 -100 100 290 -65 120 -145 85 145 10 -170 30 5 195 -5 -180 -10 165 175 10 -180 -5 -40
16 0 -1 0 -15 0 280 235 105 105 -100 100 290 -65 120 -145 85 145 10 -170 30 5 195 -5 -180 -10 165 175 10 -180 -5 -40
16 0 -1 0 -20 0 280 235 105 105 -100 100 290 -65 120 -145 85 145 10 -170 30 5 195 -5 -180 -10 165 175 10 -180 -5 -40
*16 0 -1 0 -20 0 285 235 105 105 -100 100 290 -65 120 -145 85 145 10 -170 35 5 195 -5 -180 -10 165 175 10 -180 -5 -40
16 0 -1 0 0 0 240 235 105 105 -100 55 255 -65 120 -145 85 95 10 -170 15 5 195 -5 -180 -10 165 175 10 -180 -5 -10
15 0 0 0 25 0 210 235 105 105 -100 55 225 -65 120 -145 85 95 10 -170 15 5 195 -5 -180 -10 165 175 10 -180 -5 -10
14 0 1 0 45 0 185 245 105 105 -95 30 200 -85 115 -145 85 95 -5 -170 5 5 195 -5 -190 -10 165 175 10 -180 5 -20
*13 0 1 0 75 0 185 245 105 105 -95 30 200 -85 115 -145 85 95 5 -170 5 5 195 -5 -200 -10 165 175 10 -180 5 -25
11 0 2 0 110 0 185 245 105 105 -95 30 200 -85 115 -145 85 95 -15 -170 5 5 195 -5 -175 -10 165 175 10 -180 0 -10
10 0 2 0 170 0 185 245 105 105 -95 30 200 -85 115 -145 85 95 5 -170 5 5 195 -5 -175 -10 180 175 10 -180 0 -10
9 1 1 0 250 0 185 245 105 105 -95 30 200 -85 115 -145 85 95 75 -170 5 75 195 -5 -170 -10 180 195 10 -180 0 -20
*7 1 0 0 -10 0 185 245 105 105 -95 30 200 -85 115 -145 85 95 110 -200 5 110 200 -5 -170 -10 180 195 10 -180 0 -20
6 1 -1 0 -10 0 170 240 105 105 -95 30 185 -85 115 -145 85 95 125 -200 5 110 205 -5 -170 -10 180 185 10 -180 -20 5
6 1 -1 0 -10 0 170 240 105 105 -95 30 185 -85 115 -145 85 100 100 -200 5 110 205 -5 -170 -10 180 185 10 -180 -20 5
6 1 -1 0 -10 0 165 240 105 105 -95 30 180 -85 115 -145 75 110 55 -200 5 75 205 -5 -170 -10 180 185 10 -180 -20 5
*6 0 -1 0 -5 0 165 240 105 105 -95 30 180 -85 115 -145 75 110 55 -185 5 75 205 -5 -170 -10 170 185 10 -180 -20 5
6 0 -1 0 0 0 165 240 105 105 -95 30 140 -70 115 -145 75 110 35 -185 5 40 205 -5 -170 -10 170 185 10 -180 -20 5
6 0 -1 0 0 0 165 250 105 105 -95 30 140 -65 115 -145 95 135 35 -185 5 40 205 -5 -170 -10 185 185 10 -180 -20 5
6 0 -1 0 5 0 165 250 105 105 -95 30 140 -65 115 -145 95 135 35 -185 0 40 205 -5 -170 -10 190 185 10 -180 -20 5
*5 1 -1 0 5 0 165 250 105 105 -95 30 140 -55 115 -145 95 135 35 -185 0 40 205 -5 -170 -10 165 185 10 -180 -20 5
5 1 -1 0 25 0 165 250 105 105 -95 30 130 -35 145 -145 95 135 -5 -185 0 20 205 -5 -170 -10 185 185 10 -180 -5 0
5 1 -1 0 35 0 165 250 105 105 -95 30 130 -35 145 -145 95 135 -5 -185 0 20 205 -5 -160 -10 185 215 10 -180 -5 0
4 0 -1 0 40 0 160 210 105 105 -95 30 90 -50 145 -145 95 135 0 -185 0 20 205 -5 -165 -10 185 185 10 -180 5 -10
*4 0 -1 0 40 0 265 210 105 105 -85 105 90 -50 145 -145 95 135 75 -185 0 125 205 -5 -165 -10 185 185 10 -180 5 -10
4 0 -1 0 45 0 270 210 105 105 -85 105 90 -50 145 -145 95 135 110 -185 0 145 205 -5 -165 -10 185 185 10 -180 -40 -10
4 0 -1 0 35 0 270 210 105 105 -85 105 90 -50 145 -145 95 135 80 -185 0 145 205 -5 -165 -10 185 185 10 -180 -40 -10
4 0 -1 0 30 0 270 210 105 105 -85 105 90 -50 145 -145 95 135 20 -185 0 55 205 -5 -165 -10 185 185 10 -180 -40 -10
*5 0 -1 0 30 0 270 210 105 105 -85 105 120 -50 145 -145 95 135 -15 -185 0 10 205 -5 -180 -10 185 185 10 -180 -40 -10
5 0 1 0 30 0 270 210 105 105 -85 105 120 -50 145 -145 95 135 0 -185 0 10 215 -5 -155 -10 185 185 10 -180 5 -35
5 0 1 0 30 0 180 210 105 190 -10 105 120 -50 145 -145 95 135 0 -185 0 10 215 -5 -155 -10 185 185 10 -180 -20 -40
6 0 1 0 -35 0 165 240 105 190 -60 105 200 -50 145 -145 95 135 -15 -185 0 10 215 -5 -170 -10 185 185 10 -180 0 5
*7 0 -1 0 -85 0 150 240 105 190 -60 105 190 -115 140 -145 95 135 -20 -185 0 0 215 -5 -170 -10 185 185 10 -180 -25 0
8 0 -2 0 -135 0 150 240 105 190 -60 105 185 -130 140 -145 95 135 5 -185 0 0 215 -5 -195 -10 185 185 10 -180 -5 -10
8 0 -2 0 -225 0 280 240 105 190 -60 105 320 -85 165 -145 110 90 -5 -195 -10 0 195 -5 -165 -10 185 245 10 -180 -5 -10
9 1 -2 0 -350 0 275 240 105 120 -90 105 345 -40 160 -145 100 135 0 -195 -10 0 195 -5 -90 15 160 245 10 -180 10 -75
*9 2 -2 10 0 25 55 130 110 105 -70 105 295 -25 130 -95 100 60 25 -225 10 65 200 5 -45 -20 125 255 10 -180 -20 5
10 4 -1 10 -10 25 55 130 110 105 -70 105 290 -50 145 -95 130 95 25 -240 10 90 200 5 -45 -20 125 255 10 -180 -20 -50
10 4 -1 10 -45 25 55 130 110 105 -70 105 290 -50 145 -95 130 95 25 -240 10 90 200 5 -45 -20 125 255 10 -180 -20 -50
11 4 -1 10 -65 25 55 130 110 105 -70 105 290 -50 145 -95 130 95 25 -240 10 90 200 5 -45 -20 125 255 10 -180 -20 -50
*12 4 -1 10 -90 25 55 130 110 105 -70 105 290 -50 145 -95 130 95 25 -240 10 90 200 5 -45 -20 125 255 10 -180 -20 -50
12 4 0 10 -110 25 55 130 110 105 -70 105 290 -50 145 -95 130 95 25 -240 10 90 200 5 -45 -20 125 255 10 -180 5 5
12 4 1 10 -120 25 60 130 110 100 -85 105 290 -50 145 -95 95 95 25 -240 10 90 200 5 -45 -20 125 255 10 -180 5 5
12 4 1 -5 -145 25 60 130 110 100 -85 105 290 -50 145 -95 95 95 25 -240 10 90 200 5 -45 -20 125 255 10 -180 5 5
*11 4 2 -5 -180 25 60 130 110 100 -85 105 290 -50 145 -95 95 95 25 -240 10 90 200 5 -45 -20 125 255 10 -180 5 5
10 5 2 -5 -200 25 25 130 110 65 -85 105 275 -50 145 -130 95 95 75 -240 10 90 200 5 -40 -10 130 310 15 -180 5 5
9 5 3 -5 -200 25 25 130 110 65 -85 105 275 -50 145 -130 95 95 110 -200 -30 90 200 5 -40 -10 130 310 15 -180 5 5
8 6 3 -5 -220 25 -25 130 110 65 -85 105 180 -35 145 -130 95 95 110 -200 -30 90 200 5 -40 -10 130 310 15 -180 5 5
*7 6 2 -5 -255 25 -100 130 110 40 -85 105 150 -35 145 -145 95 95 140 -200 -30 90 200 5 -40 -10 130 310 15 -180 5 5
8 7 2 -15 -270 25 -95 130 110 40 -85 105 150 -35 145 -145 95 95 145 -155 -30 135 200 5 -40 -10 130 310 15 -180 5 5
7 8 2 0 -295 25 -95 130 110 40 -85 105 150 -35 145 -145 95 95 120 -215 -30 115 200 15 -70 20 190 310 15 -180 5 5
7 9 2 45 -330 30 -25 130 110 40 -85 105 235 -35 145 -145 95 95 50 -220 0 115 200 15 -85 -10 200 310 15 -180 5 5
*6 10 1 -80 -170 -85 5 175 110 110 -85 105 175 -30 110 -145 95 145 0 -180 0 15 180 -20 -75 -10 205 310 15 -180 -50 -60
6 10 0 -80 -180 -65 10 175 140 110 -85 105 175 -5 45 -145 95 145 0 -165 0 0 180 -20 -90 -10 205 270 15 -180 -75 -45
7 10 0 -80 -180 -45 10 175 175 110 -85 105 185 -5 -10 -145 95 145 0 -165 0 0 180 -20 -80 -10 205 235 15 -180 -75 -45
8 10 0 -80 -180 -25 5 175 185 110 -85 105 185 -5 -15 -145 95 145 0 -165 0 0 180 -20 -75 -10 205 205 15 -180 -75 -45
*9 10 0 -80 -185 0 5 175 185 110 -85 105 185 -5 -15 -145 95 145 0 -175 -5 0 180 -20 -75 -10 190 185 15 -180 5 -70
12 10 -2 -85 -185 35 5 175 185 110 -85 105 185 -5 -15 -145 95 145 0 -175 -5 0 180 -20 -75 -10 190 185 15 -180 5 -70
12 10 -2 -85 -185 45 5 175 185 110 -85 105 185 -5 -15 -145 95 145 0 -175 -5 0 180 -20 -75 -10 190 185 15 -180 -75 -75
12 10 -1 -85 -185 60 5 175 185 110 -85 105 185 -5 -15 -145 95 145 0 -175 -5 0 180 -20 -75 -10 185 185 15 -180 -75 -75
*13 10 2 -85 -185 85 5 175 185 110 -85 105 185 -5 -15 -145 95 145 0 -175 -5 0 180 -20 -75 -10 185 185 15 -180 -75 -75
13 10 3 -85 -185 100 5 175 185 110 -85 105 185 -5 -15 -145 95 145 0 -175 -5 0 180 -20 -75 -10 185 185 15 -180 -75 -75
11 10 3 -85 -185 140 5 175 185 110 -85 105 185 -5 -15 -145 95 145 0 -175 -5 0 180 -20 -75 -10 185 185 15 -180 -75 -75
10 10 5 -85 -185 160 5 175 185 110 -85 105 185 -5 -15 -145 95 145 0 -175 -5 0 180 -20 -75 -10 185 185 15 -180 -75 -75
*10 10 5 -85 -185 175 5 175 185 110 -85 105 185 -5 -15 -145 95 145 0 -175 -5 0 180 -20 -75 -10 185 185 15 -180 -75 -75
8 10 5 -85 -185 200 5 175 185 110 -85 105 185 -5 -15 -145 95 145 0 -175 -5 0 180 -20 -75 -10 185 185 15 -180 -75 -75
6 10 5 -95 -185 215 5 175 185 110 -85 105 185 -5 -15 -145 95 145 0 -175 -5 0 180 -20 -75 -10 185 185 15 -180 -75 -75
5 10 5 -95 -185 235 5 175 185 110 -85 105 185 -5 -15 -145 95 145 0 -175 -5 0 180 -20 -75 -10 185 185 15 -180 -75 -75
*5 10 2 -95 -185 270 5 175 185 110 -85 105 185 -5 -15 -145 95 145 0 -175 -5 0 180 -20 -75 -10 185 185 15 -180 -75 -75
5 10 1 -95 -185 270 5 175 185 110 -85 105 185 -5 -15 -145 95 145 0 -175 -5 0 180 -20 -120 -10 185 185 15 -180 -75 -75
5 10 1 -95 -185 270 5 175 185 110 -85 105 185 -5 -15 -145 95 145 0 -175 -5 0 180 -20 -155 -10 185 185 15 -180 -75 -75
5 10 0 -95 -185 270 5 175 185 110 -85 105 185 -5 -15 -145 95 145 -10 -175 -5 0 180 -20 -190 -10 185 185 15 -180 -75 -75
*5 10 2 -95 -185 270 5 175 185 110 -85 105 185 -5 -15 -145 95 145 -10 -175 -5 0 180 -20 -190 -10 185 185 15 -180 -75 -75
4 10 2 -95 -185 270 5 175 185 110 -85 105 185 -5 -15 -145 95 145 -10 -175 -5 0 180 -20 -190 -10 185 185 15 -180 -75 -75
3 10 2 -95 -185 270 5 175 185 110 -85 105 185 -5 -15 -145 95 145 -10 -175 -5 0 180 -20 -190 -10 185 185 15 -180 -75 -75
2 10 2 -95 -185 270 5 175 185 110 -85 105 185 -5 -15 -145 95 145 -10 -175 -5 0 180 -20 -190 -10 185 185 15 -180 -75 -75
*1 10 1 -95 -185 270 5 175 185 110 -85 105 185 -5 -15 -145 95 145 -10 -175 -5 0 180 -20 -190 -10 185 185 15 -180 -75 -75
1 9 1 -95 -185 270 5 175 185 110 -85 105 185 -5 -15 -145 95 145 -10 -175 -5 0 180 -20 -190 -10 185 185 15 -180 -75 -75
1 7 1 -95 -185 270 5 175 185 110 -85 105 185 -5 -15 -145 95 145 -5 -175 -5 0 180 -20 -190 -10 185 185 15 -180 -75 -75
1 8 1 -95 -185 270 5 175 185 110 -85 105 185 -5 -15 -145 95 145 -5 -175 -5 0 180 -20 -190 -10 185 185 15 -180 -75 -75
*1 10 1 -125 -185 270 5 175 185 110 -85 105 185 -5 -15 -145 95 145 -5 -175 -5 0 180 -20 -190 -10 185 185 15 -180 -75 -75
1 11 1 -155 -185 270 5 175 185 110 -85 105 185 -5 -15 -145 95 145 -5 -175 -5 0 180 -20 -190 -10 185 185 15 -180 -75 -75
1 11 1 -215 -185 270 5 175 185 110 -85 105 185 -5 -15 -145 95 145 -5 -175 -5 0 180 -20 -190 -10 185 185 15 -180 -75 -75
1 10 1 -255 -185 270 5 175 185 110 -85 105 185 -5 -15 -145 95 145 -5 -175 -5 0 180 -20 -190 -10 185 185 15 -180 -75 -75
*1 9 1 -270 -185 270 0 175 185 100 -85 105 170 -5 -15 -145 95 145 5 -175 -5 0 180 -20 -170 -10 185 185 15 -180 -75 -75
1 8 1 -270 -185 270 -70 175 185 100 -85 105 105 -5 -15 -145 95 145 25 -175 -5 0 180 -20 -150 -10 185 185 15 -180 -75 -75
2 9 1 -270 -185 270 -100 175 185 100 -85 105 75 -5 -15 -145 95 145 45 -175 -5 0 180 -20 -135 -10 185 185 15 -180 -75 -75
4 12 1 -270 -185 270 -100 175 185 100 -85 105 75 -5 -15 -145 95 145 50 -175 -5 0 180 -20 -130 -10 185 185 15 -180 -75 -75
*7 14 1 -270 -185 270 -80 180 170 100 -85 105 100 -5 10 -145 95 145 50 -175 -5 0 180 0 -130 -10 185 185 15 -180 -75 -75
13 11 1 -270 -220 270 -80 180 170 100 -85 105 100 -5 10 -145 95 145 50 -175 -5 0 180 0 -130 -10 185 185 15 -180 -75 -75
16 3 1 -270 -260 270 -90 180 170 100 -85 105 90 -5 10 -145 95 145 50 -175 -5 0 180 0 -130 -10 185 185 15 -180 -75 -75
14 -4 1 -270 -295 280 -90 180 170 100 -85 105 90 -5 10 -145 95 145 50 -175 -5 0 180 0 -130 -10 185 185 15 -180 -75 -75
*7 -8 1 -270 -315 280 -60 180 170 100 -85 105 110 -5 10 -145 95 145 50 -175 -5 0 180 0 -130 -10 185 185 15 -180 -75 -75
1 -9 1 -245 -330 280 -10 180 190 100 -85 105 135 5 45 -145 95 145 50 -175 -5 0 180 0 -130 -10 185 185 15 -180 -75 -75
-4 -9 -1 -195 -5 280 -35 180 190 100 -85 105 170 -5 15 -145 95 145 95 -205 5 80 185 0 -80 25 190 255 15 -180 -75 -75
-4 -8 4 -200 -65 230 -60 180 190 100 -85 105 115 -5 -35 -145 95 145 115 -170 0 135 185 0 -45 5 170 315 15 -180 -75 -75
*-3 -8 4 -150 -100 235 -90 180 190 110 -85 105 90 -5 -35 -145 95 145 120 -170 0 35 185 0 -45 5 170 250 15 -180 -75 -75
5 -8 4 -150 -130 235 -30 180 190 110 -85 105 150 -5 -35 -145 95 145 120 -170 30 35 185 0 -45 5 220 250 15 -180 -75 -75
9 -6 4 -190 -175 230 -30 180 190 110 -85 105 140 -5 -35 -145 95 145 120 -170 15 70 195 10 -45 5 220 285 15 -180 -20 -80
13 -2 1 -240 -230 230 -55 180 190 110 -85 105 120 -5 -35 -145 95 145 85 -170 15 70 195 10 -95 5 220 255 0 -150 -5 -80
*14 -1 1 -240 -255 240 -75 185 170 110 -85 105 110 -10 -10 -145 95 145 40 -170 10 70 195 10 -135 15 205 255 0 -150 15 0
13 0 0 -240 -270 240 -110 185 170 135 -95 105 45 -10 -10 -115 95 145 25 -170 10 95 195 10 -125 15 205 255 0 -150 15 0
12 0 0 -240 -270 240 -155 185 170 160 -95 105 45 -10 -10 -115 95 145 15 -170 10 65 195 10 -155 15 205 240 0 -150 15 0
11 -1 2 -240 -270 240 -220 185 170 160 -95 105 -20 -10 -10 -15 115 145 15 -170 10 65 195 10 -155 15 205 240 0 -150 10 15
*11 -1 2 -180 -255 185 -205 195 170 165 -95 105 20 -10 -10 -30 115 145 15 -170 10 65 195 10 -155 15 205 240 0 -150 10 15
11 -1 2 -180 -240 185 -205 195 170 165 -95 105 40 -10 -10 -45 115 145 15 -170 10 65 195 10 -155 15 205 240 0 -150 10 15
11 -1 2 -180 -235 185 -205 195 170 165 -95 105 40 10 -10 -45 115 145 15 -170 10 65 195 10 -155 15 205 240 0 -150 10 15
11 -1 2 -180 -225 185 -205 195 170 165 -95 105 55 30 -10 -45 115 145 15 -170 10 65 195 10 -155 15 205 240 0 -150 10 15
*11 -1 2 -180 -225 185 -205 195 170 165 -95 105 65 40 -10 -55 100 145 15 -170 10 65 195 10 -155 15 205 240 0 -150 10 15
10 -2 2 -180 -225 185 -205 195 170 165 -95 105 65 15 0 -55 125 170 65 -170 10 105 195 10 -120 15 205 280 0 -150 10 15
11 -2 2 -180 -225 185 -195 195 170 165 -95 105 85 15 0 -70 150 90 70 -160 10 65 195 10 -105 25 180 275 0 -150 10 -55
13 0 2 -180 -215 185 -165 210 145 165 -20 160 90 20 45 -70 150 90 25 -160 10 25 195 10 -165 15 165 195 10 -185 5 0
*14 1 1 -180 -195 185 -155 160 135 140 -95 135 180 20 45 -70 90 70 -15 -195 40 -5 195 5 -190 5 175 185 10 -185 -50 0
14 1 1 -180 -185 185 -155 160 135 140 -95 135 180 20 45 -70 90 70 -15 -195 40 -5 195 5 -190 5 175 185 10 -185 -50 0
14 1 1 -180 -235 185 -130 160 150 140 -95 135 75 20 45 0 135 70 -20 -190 25 -5 195 5 -190 5 175 185 10 -185 -5 0
13 1 3 -180 -255 185 -95 160 150 140 -95 135 65 50 45 -15 135 70 0 -190 10 -5 195 5 -205 35 175 185 10 -185 -5 0
*12 1 3 -180 -270 185 -95 160 150 140 -95 135 95 5 45 10 130 70 0 -190 10 -5 195 0 -205 35 175 185 10 -185 -5 0
12 1 4 -180 -310 185 -95 160 150 140 -95 135 95 5 75 10 85 70 -5 -190 10 -5 195 0 -175 35 175 185 10 -185 -5 0
10 1 4 -180 -15 185 -95 160 150 140 -95 135 95 5 75 10 85 70 -10 -190 20 -5 195 0 -170 15 185 185 10 -185 -5 0
9 1 4 -175 -85 185 -90 175 140 155 185 265 95 5 75 10 85 70 35 -190 0 50 195 0 -175 15 175 185 10 -185 -5 0
*7 1 3 -175 -115 185 -70 175 105 160 185 265 90 5 45 10 180 70 55 -190 0 95 195 0 -175 15 175 185 10 -185 -5 0
7 1 3 -175 -135 185 -70 175 105 160 185 265 90 5 75 10 180 70 85 -190 0 130 195 0 -175 15 175 185 10 -185 -45 5
7 1 3 -175 -145 190 -70 175 105 160 185 265 90 5 75 10 180 70 105 -190 0 130 195 0 -190 15 185 185 10 -185 -45 5
7 1 3 -180 -135 190 -70 175 105 160 185 265 90 5 75 10 180 70 110 -190 0 130 195 0 -190 15 190 185 10 -185 -45 5
*7 1 3 -180 -150 190 -70 170 115 160 185 265 90 5 75 10 180 70 125 -190 0 150 195 0 -190 15 190 185 10 -185 -45 5
6 1 3 -180 -150 190 -65 170 115 160 185 265 115 5 75 10 180 70 125 -190 0 150 195 0 -150 15 190 240 10 -185 -45 5
5 2 2 -180 -150 190 -65 170 115 160 185 265 110 5 30 10 180 70 130 -190 0 150 195 0 -110 15 190 290 5 -185 -45 5
3 3 2 -180 -150 190 -65 170 115 160 185 265 110 5 30 10 180 70 130 -190 0 150 195 0 -110 15 190 290 5 -185 -45 5
*2 2 1 -180 -170 185 -90 160 130 160 185 265 85 5 30 10 180 70 65 -190 0 90 195 0 -100 -5 190 290 5 -185 -45 5
1 1 0 -180 -170 185 -90 160 130 160 185 265 85 5 30 10 180 70 20 -190 0 40 200 0 -140 -5 190 290 5 -185 -45 5
0 0 0 -180 -170 180 -105 160 130 160 185 265 80 5 15 10 180 70 -5 -190 0 0 200 0 -165 -5 180 235 5 -185 -5 0
0 0 0 -180 -175 180 -115 140 130 160 185 265 70 10 30 10 180 70 0 -190 0 0 200 0 -175 -5 180 195 5 -185 -5 0
*0 0 0 0 0 0 70 45 -40 0 -5 30 80 0 -10 0 0 -45 0 0 0 0 0 0 0 0 30 0 0 0 0 -60
0 0 0 0 0 0 70 20 -10 0 -5 30 60 0 0 0 0 -45 0 0 0 0 0 0 0 0 25 0 0 0 0 -20
0 0 0 0 0 0 55 20 0 0 -5 30 50 10 -10 0 0 -45 0 0 0 0 0 0 0 0 20 0 0 0 0 -5
0 0 0 0 0 0 40 20 5 0 -5 30 35 10 -10 0 0 -45 0 0 0 0 0 0 0 0 15 0 0 0 0 -5
*0 0 0 0 0 0 15 20 20 0 -5 30 25 10 -15 0 0 -45 0 0 0 0 0 0 0 0 10 0 0 0 0 -5
0 0 0 0 0 0 15 20 25 0 -5 30 25 10 -20 0 0 -45 0 0 0 0 0 0 0 0 5 0 0 0 0 -5
0 0 0 0 0 0 15 20 30 0 -5 30 25 10 -25 0 0 -45 0 0 5 0 0 0 0 0 5 0 0 0 0 -5
0 0 0 0 0 0 20 20 30 0 -5 30 30 10 -25 0 0 -45 0 0 5 0 0 0 0 0 5 0 0 0 0 -5
*0 0 0 0 0 0 35 20 30 0 -5 30 55 10 -25 0 0 -45 0 0 5 0 0 0 0 0 5 0 0 0 0 -5
0 0 0 0 0 0 65 20 15 0 -5 30 80 10 -15 0 0 -45 0 0 5 0 0 0 0 0 5 0 0 0 0 -5
0 0 0 0 0 0 85 20 -10 0 -5 30 90 10 -5 0 0 -45 0 0 5 0 0 0 0 0 5 0 0 0 0 -5
0 0 0 0 0 0 85 20 -40 0 -5 30 80 10 20 0 0 -45 0 0 5 0 0 0 0 0 5 0 0 0 0 -5
*0 0 0 0 0 0 85 20 -40 20 20 15 70 10 25 25 -10 -15 0 0 5 0 0 0 0 0 5 0 0 0 0 -5
0 0 0 0 0 0 85 20 -55 20 20 15 70 10 40 25 -10 -15 0 0 5 0 0 0 0 0 5 0 0 0 0 -5
0 0 0 0 0 0 85 20 -65 20 20 15 60 10 50 25 -10 -15 0 0 5 0 0 0 0 0 5 0 0 0 0 -5
0 0 0 0 0 0 85 20 -65 20 20 15 60 10 50 25 -10 -15 0 0 5 0 0 0 0 0 5 0 0 0 0 -5
*0 0 0 0 0 0 85 20 -65 20 20 15 60 10 50 25 -10 -15 0 0 5 0 0 0 0 0 5 0 0 0 0 -5
0 0 0 -5 0 0 50 20 -65 20 20 15 20 10 50 25 -10 -15 5 0 5 0 0 0 5 0 5 0 0 0 0 -5
0 0 0 -15 0 0 10 20 -65 20 20 55 20 45 50 25 -10 -15 15 0 5 0 0 0 15 0 5 0 0 0 0 -5
0 0 0 -25 0 0 -25 20 -50 20 20 65 15 60 50 45 -10 -15 25 0 5 0 0 0 25 0 5 0 0 0 0 -5
*0 0 0 -40 0 0 -35 20 -30 20 20 65 10 80 50 55 -10 -15 40 0 5 0 0 0 40 0 5 0 0 0 0 -5
0 -1 0 -50 0 0 -45 0 -10 20 20 65 10 80 50 55 -10 -15 50 0 5 0 0 0 50 0 5 0 0 0 0 -5
0 -1 -1 -55 0 0 -45 0 -10 20 20 65 10 80 50 55 -10 -15 55 0 5 0 0 0 55 0 5 0 0 0 0 -5
0 -1 -1 -60 0 0 -45 0 -10 20 20 65 10 80 50 55 -10 -15 60 0 5 0 0 0 60 0 5 0 0 0 0 -5
*0 -1 -2 -65 0 0 -45 0 -10 20 20 65 10 80 50 55 -10 -15 65 0 5 0 0 0 65 0 5 0 0 0 0 -5
0 -2 -2 -70 0 0 -45 0 -10 20 20 65 10 80 50 55 -10 -15 70 0 5 0 0 0 70 0 5 0 0 0 0 -5
0 -2 -2 -75 0 0 -45 0 -10 20 20 65 10 80 50 55 -10 -15 75 0 5 0 0 0 75 0 5 0 0 0 0 -5
0 -2 -3 -75 0 0 -45 0 -10 20 20 65 10 80 50 55 -10 -15 75 0 5 0 0 0 75 0 5 0 0 0 0 -5
*0 -2 -3 -75 0 0 -45 0 -10 20 20 65 10 80 50 55 -10 -15 75 0 5 0 0 0 75 0 5 0 0 0 0 -5
0 -3 -3 -75 0 0 -45 0 -10 20 20 65 10 80 50 55 -10 -15 75 0 5 0 0 0 75 0 5 0 0 0 0 -5
0 -3 -4 -75 0 0 -45 0 -10 20 20 65 10 80 50 55 -10 -15 75 0 5 0 0 0 75 0 5 0 0 0 0 -5
0 -3 -4 -75 0 0 -45 0 -10 20 20 65 10 80 50 55 -10 -15 75 0 5 0 0 0 75 0 5 0 0 0 0 -5
*0 -3 -4 -75 0 0 -45 0 -10 20 20 65 10 80 50 55 -10 -15 75 0 5 0 0 0 75 0 5 0 0 0 0 -5
0 -3 -4 -75 0 0 -45 0 -10 20 20 65 10 80 50 55 -10 -15 75 0 5 0 0 0 75 0 5 0 0 0 0 -5
0 -3 -4 -75 0 0 -45 0 -10 20 20 65 10 80 50 55 -10 -15 75 0 5 0 0 0 75 0 5 0 0 0 0 -5
0 -3 -3 -75 0 0 -45 0 -10 20 20 65 10 80 50 55 -10 -15 75 0 5 0 0 0 75 0 5 0 0 0 0 -5
*0 -2 -3 -75 0 0 -45 0 -10 20 20 65 10 80 50 55 -10 -15 75 0 5 0 0 0 75 0 5 0 0 0 0 -5
0 -2 -3 -75 0 0 -45 0 -10 20 20 65 10 80 50 55 -10 -15 75 0 5 0 0 0 75 0 5 0 0 0 0 -5
0 -2 -2 -75 0 0 -45 0 -10 20 20 65 10 80 50 55 -10 -15 75 0 5 0 0 0 75 0 5 0 0 0 0 -5
0 -2 -2 -70 0 0 -45 0 -10 20 20 65 10 80 50 55 -10 -15 70 0 5 0 0 0 70 0 5 0 0 0 0 -5
*0 -1 -2 -65 0 0 -45 0 -10 20 20 65 10 80 50 55 -10 -15 65 0 5 0 0 0 65 0 5 0 0 0 0 -5
0 -1 -1 -60 0 0 -45 0 -10 20 20 65 10 80 50 55 -10 -15 60 0 5 0 0 0 60 0 5 0 0 0 0 -5
0 -1 -1 -55 0 0 -45 0 -10 20 20 65 10 80 50 55 -10 -15 55 0 5 0 0 0 55 0 5 0 0 0 0 -5
0 -1 0 -50 0 0 -45 0 -10 20 20 65 10 80 50 55 -10 -15 50 0 5 0 0 0 50 0 5 0 0 0 0 -5
*0 0 0 -40 0 0 -35 20 -30 20 20 65 10 80 50 55 -10 -15 40 0 5 0 0 0 40 0 5 0 0 0 0 -5
0 0 0 -25 0 0 -25 20 -50 20 20 65 15 60 50 45 -10 -15 25 0 5 0 0 0 25 0 5 0 0 0 0 -5
0 0 0 -15 0 0 10 20 -65 20 20 55 20 45 50 25 -10 -15 15 0 5 0 0 0 15 0 5 0 0 0 0 -5
0 0 0 -5 0 0 50 20 -65 20 20 15 20 10 50 25 -10 -15 5 0 5 0 0 0 5 0 5 0 0 0 0 -5
*0 0 0 0 0 0 85 20 -65 20 20 15 60 10 50 25 -10 -15 0 0 5 0 0 0 0 0 5 0 0 0 0 -5
0 0 0 0 0 0 85 20 -65 20 20 15 60 10 50 25 -10 -15 0 0 5 0 0 0 0 0 5 0 0 0 0 -5
0 0 0 0 0 0 85 20 -65 20 20 15 60 10 50 25 -10 -15 0 0 5 0 0 0 0 0 5 0 0 0 0 -5
0 0 0 0 0 0 85 20 -65 20 20 15 60 10 50 25 -10 -15 0 0 5 0 0 0 0 0 5 0 0 0 0 -5
*0 0 0 0 0 0 85 20 -65 20 20 15 60 10 50 25 -10 -15 0 0 5 0 0 0 0 0 5 0 0 0 0 -5
0 0 0 0 0 0 85 20 -65 20 20 15 60 10 50 25 -10 -15 0 0 5 0 0 0 0 0 5 0 0 0 0 -5
0 0 0 0 0 0 85 20 -65 20 20 15 60 10 50 25 -10 -15 0 0 5 0 0 0 0 0 5 0 0 0 0 -5
0 0 0 0 0 0 85 20 -65 20 20 15 60 10 50 25 -10 -15 0 0 5 0 0 0 0 0 5 0 0 0 0 -5
*0 0 0 0 0 0 85 20 -65 20 20 15 60 10 50 25 -10 -15 0 0 5 0 0 0 0 0 5 0 0 0 0 -5
0 0 0 0 0 0 50 20 -65 20 20 15 25 10 50 25 -10 -15 0 0 5 0 0 0 0 0 5 0 0 0 -5 0
0 0 0 0 0 0 25 20 -35 20 20 15 0 10 35 25 -10 -15 0 0 5 0 0 0 0 0 5 0 0 0 -5 0
0 0 0 0 0 0 -10 20 -10 20 20 15 -15 10 20 25 -10 -15 0 0 5 0 0 0 0 0 5 0 0 0 -5 0
*0 0 0 0 0 0 -5 20 -10 5 20 15 5 10 20 -5 -10 -5 0 0 5 0 0 0 0 0 5 0 0 0 -5 0
0 0 0 0 0 0 0 20 0 5 5 5 0 10 5 -5 -10 -5 0 0 5 0 0 0 0 0 5 0 0 0 -5 0
0 0 0 0 0 0 0 0 0 0 0 0 0 0 0 0 0 0 0 0 0 0 0 0 0 0 0 0 0 0 0 0
0 0 0 0 0 0 0 0 0 0 0 0 0 0 0 0 0 0 0 0 0 0 0 0 0 0 0 0 0 0 0 0
*0 0 0 0 0 0 0 0 0 0 0 0 0 0 0 0 0 0 0 0 0 0 0 0 0 0 0 0 0 0 0 0
0 0 0 0 0 0 0 0 0 0 0 0 0 0 0 0 0 0 0 0 0 0 0 0 0 0 0 0 0 0 0 0
0 0 0 0 0 0 0 0 0 0 0 0 0 0 0 0 0 0 0 0 0 0 0 0 0 0 0 0 0 0 0 0
0 0 0 0 0 0 0 0 0 0 0 0 0 0 0 0 0 0 0 0 0 0 0 0 0 0 0 0 0 0 0 0
0 0 0 0 0 0 0 0 0 0 0 0 0 0 0 0 0 0 0 0 0 0 0 0 0 0 0 0 0 0 0 0
0 0 0 0 0 0 0 0 0 0 0 0 0 0 0 0 0 0 0 0 0 0 0 0 0 0 0 0 0 0 0 0
0 0 0 0 0 0 0 0 0 0 0 0 0 0 0 0 0 0 0 0 0 0 0 0 0 0 0 0 0 0 0 0
0 0 0 0 0 0 0 0 0 0 0 0 0 0 0 0 0 0 0 0 0 0 0 0 0 0 0 0 0 0 0 0
0 0 0 0 0 0 0 0 0 0 0 0 0 0 0 0 0 0 0 0 0 0 0 0 0 0 0 0 0 0 0 0
0 0 0 0 0 0 0 0 0 0 0 0 0 0 0 0 0 0 0 0 0 0 0 0 0 0 0 0 0 0 0 0
0 0 0 0 0 0 0 0 0 0 0 0 0 0 0 0 0 0 0 0 0 0 0 0 0 0 0 0 0 0 0 0
0 0 0 0 0 0 0 0 0 0 0 0 0 0 0 0 0 0 0 0 0 0 0 0 0 0 0 0 0 0 0 0
0 0 0 0 0 0 0 0 0 0 0 0 0 0 0 0 0 0 0 0 0 0 0 0 0 0 0 0 0 0 0 0
0 0 0 0 0 0 0 0 0 0 0 0 0 0 0 0 0 0 0 0 0 0 0 0 0 0 0 0 0 0 0 0
0 0 0 0 0 0 0 0 0 0 0 0 0 0 0 0 0 0 0 0 0 0 0 0 0 0 0 0 0 0 0 0
0 0 0 0 0 0 0 0 0 0 0 0 0 0 0 0 0 0 0 0 0 0 0 0 0 0 0 0 0 0 0 0
0 0 0 0 0 0 0 0 0 0 0 0 0 0 0 0 0 0 0 0 0 0 0 0 0 0 0 0 0 0 0 0
0 0 0 0 0 0 0 0 0 0 0 0 0 0 0 0 0 0 0 0 0 0 0 0 0 0 0 0 0 0 0 0
0 0 0 0 0 0 0 0 0 0 0 0 0 0 0 0 0 0 0 0 0 0 0 0 0 0 0 0 0 0 0 0
0 0 0 0 0 0 0 0 0 0 0 0 0 0 0 0 0 0 0 0 0 0 0 0 0 0 0 0 0 0 0 0
0 0 0 0 0 0 0 0 0 0 0 0 0 0 0 0 0 0 0 0 0 0 0 0 0 0 0 0 0 0 0 0
0 0 0 0 0 0 0 0 0 0 0 0 0 0 0 0 0 0 0 0 0 0 0 0 0 0 0 0 0 0 0 0
0 0 0 0 0 0 0 0 0 0 0 0 0 0 0 0 0 0 0 0 0 0 0 0 0 0 0 0 0 0 0 0
0 0 0 0 0 0 0 0 0 0 0 0 0 0 0 0 0 0 0 0 0 0 0 0 0 0 0 0 0 0 0 0
0 0 0 0 0 0 0 0 0 0 0 0 0 0 0 0 0 0 0 0 0 0 0 0 0 0 0 0 0 0 0 0
0 0 0 0 0 0 0 0 0 0 0 0 0 0 0 0 0 0 0 0 0 0 0 0 0 0 0 0 0 0 0 0
0 0 0 0 0 0 0 0 0 0 0 0 0 0 0 0 0 0 0 0 0 0 0 0 0 0 0 0 0 0 0 0
0 0 0 0 0 0 0 0 0 0 0 0 0 0 0 0 0 0 0 0 0 0 0 0 0 0 0 0 0 0 0 0
0 -2 0 0 0 0 50 -5 0 35 0 0 55 0 0 30 0 0 65 0 0 -60 0 0 60 0 0 -45 0 0 0 0
0 0 0 0 0 0 50 -5 0 35 0 0 55 0 0 30 0 0 10 0 0 -5 0 0 0 0 0 10 0 0 0 0
0 -2 0 0 0 0 50 -5 0 35 0 0 55 0 0 30 0 0 65 0 0 -60 0 0 60 0 0 -45 0 0 0 0
0 0 0 0 0 0 50 -5 0 35 0 0 55 0 0 30 0 0 10 0 0 -5 0 0 0 0 0 10 0 0 0 0
0 -2 0 0 0 0 50 -5 0 35 0 0 55 0 0 30 0 0 65 0 0 -60 0 0 60 0 0 -45 0 0 0 0
0 0 0 0 0 0 50 -5 0 35 0 0 55 0 0 30 0 0 10 0 0 -5 0 0 0 0 0 10 0 0 0 0
0 -2 0 0 0 0 50 -5 0 35 0 0 55 0 0 30 0 0 65 0 0 -60 0 0 60 0 0 -45 0 0 0 0
0 0 0 0 0 0 50 -5 0 35 0 0 55 0 0 30 0 0 10 0 0 -5 0 0 0 0 0 10 0 0 0 0
0 -2 0 0 0 0 50 -5 0 35 0 0 55 0 0 30 0 0 65 0 0 -60 0 0 60 0 0 -45 0 0 0 0
0 0 0 0 0 0 50 -5 0 35 0 0 55 0 0 30 0 0 10 0 0 -5 0 0 0 0 0 10 0 0 0 0
0 -2 0 0 0 0 50 -5 0 35 0 0 55 0 0 30 0 0 65 0 0 -60 0 0 60 0 0 -45 0 0 0 0
0 0 0 0 0 0 50 -5 0 35 0 0 55 0 0 30 0 0 10 0 0 -5 0 0 0 0 0 10 0 0 0 0
0 -2 0 0 0 0 50 -5 0 35 0 0 55 0 0 30 0 0 65 0 0 -60 0 0 60 0 0 -45 0 0 0 0
0 0 0 0 0 0 50 -5 0 35 0 0 55 0 0 30 0 0 10 0 0 -5 0 0 0 0 0 10 0 0 0 0
0 -2 0 0 0 0 50 -5 0 35 0 0 55 0 0 30 0 0 65 0 0 -60 0 0 60 0 0 -45 0 0 0 0
0 0 0 0 0 0 50 -5 0 35 0 0 55 0 0 30 0 0 10 0 0 -5 0 0 0 0 0 10 0 0 0 0
0 -2 0 0 0 0 50 -5 0 35 0 0 55 0 0 30 0 0 65 0 0 -60 0 0 60 0 0 -45 0 0 0 0
0 0 0 0 0 0 50 -5 0 35 0 0 55 0 0 30 0 0 10 0 0 -5 0 0 0 0 0 10 0 0 0 0
0 -2 0 0 0 0 50 -5 0 35 0 0 55 0 0 30 0 0 65 0 0 -60 0 0 60 0 0 -45 0 0 0 0
0 0 0 0 0 0 50 -5 0 35 0 0 55 0 0 30 0 0 10 0 0 -5 0 0 0 0 0 10 0 0 0 0
0 -2 0 0 0 0 50 -5 0 35 0 0 55 0 0 30 0 0 65 0 0 -60 0 0 60 0 0 -45 0 0 0 0
0 0 0 0 0 0 50 -5 0 35 0 0 55 0 0 30 0 0 10 0 0 -5 0 0 0 0 0 10 0 0 0 0
0 -2 0 0 0 0 50 -5 0 35 0 0 55 0 0 30 0 0 65 0 0 -60 0 0 60 0 0 -45 0 0 0 0
0 0 0 0 0 0 50 -5 0 35 0 0 55 0 0 30 0 0 10 0 0 -5 0 0 0 0 0 10 0 0 0 0
0 -2 0 0 0 0 50 -5 0 35 0 0 55 0 0 30 0 0 65 0 0 -60 0 0 60 0 0 -45 0 0 0 0
0 0 0 0 0 0 50 -5 0 35 0 0 55 0 0 30 0 0 10 0 0 -5 0 0 0 0 0 10 0 0 0 0
0 -2 0 0 0 0 50 -5 0 35 0 0 55 0 0 30 0 0 65 0 0 -60 0 0 60 0 0 -45 0 0 0 0
0 0 0 0 0 0 50 -5 0 35 0 0 55 0 0 30 0 0 10 0 0 -5 0 0 0 0 0 10 0 0 0 0
0 -2 0 0 0 0 50 -5 0 35 0 0 55 0 0 30 0 0 65 0 0 -60 0 0 60 0 0 -45 0 0 0 0
0 0 0 0 0 0 50 -5 0 35 0 0 55 0 0 30 0 0 10 0 0 -5 0 0 0 0 0 10 0 0 0 0
0 -2 0 0 0 0 50 -5 0 35 0 0 55 0 0 30 0 0 65 0 0 -60 0 0 60 0 0 -45 0 0 0 0
0 0 0 0 0 0 50 -5 0 35 0 0 55 0 0 30 0 0 10 0 0 -5 0 0 0 0 0 10 0 0 0 0
0 -2 0 0 0 0 50 -5 0 35 0 0 55 0 0 30 0 0 65 0 0 -60 0 0 60 0 0 -45 0 0 0 0
0 0 0 0 0 0 50 -5 0 35 0 0 55 0 0 30 0 0 10 0 0 -5 0 0 0 0 0 10 0 0 0 0
0 -2 0 0 0 0 50 -5 0 35 0 0 55 0 0 30 0 0 65 0 0 -60 0 0 60 0 0 -45 0 0 0 0
0 0 0 0 0 0 50 -5 0 35 0 0 55 0 0 30 0 0 10 0 0 -5 0 0 0 0 0 10 0 0 0 0
0 -2 0 0 0 0 50 -5 0 35 0 0 55 0 0 30 0 0 65 0 0 -60 0 0 60 0 0 -45 0 0 0 0
0 0 0 0 0 0 50 -5 0 35 0 0 55 0 0 30 0 0 10 0 0 -5 0 0 0 0 0 10 0 0 0 0
0 -2 0 0 0 0 50 -5 0 35 0 0 55 0 0 30 0 0 65 0 0 -60 0 0 60 0 0 -45 0 0 0 0
0 0 0 0 0 0 50 -5 0 35 0 0 55 0 0 30 0 0 10 0 0 -5 0 0 0 0 0 10 0 0 0 0
0 -2 0 0 0 0 50 -5 0 35 0 0 55 0 0 30 0 0 65 0 0 -60 0 0 60 0 0 -45 0 0 0 0
0 0 0 0 0 0 50 -5 0 35 0 0 55 0 0 30 0 0 10 0 0 -5 0 0 0 0 0 10 0 0 0 0
0 -2 0 0 0 0 50 -5 0 35 0 0 55 0 0 30 0 0 65 0 0 -60 0 0 60 0 0 -45 0 0 0 0
0 0 0 0 0 0 50 -5 0 35 0 0 55 0 0 30 0 0 10 0 0 -5 0 0 0 0 0 10 0 0 0 0
0 -2 0 0 0 0 50 -5 0 35 0 0 55 0 0 30 0 0 65 0 0 -60 0 0 60 0 0 -45 0 0 0 0
0 0 0 0 0 0 50 -5 0 35 0 0 55 0 0 30 0 0 10 0 0 -5 0 0 0 0 0 10 0 0 0 0
0 -2 0 0 0 0 50 -5 0 35 0 0 55 0 0 30 0 0 65 0 0 -60 0 0 60 0 0 -45 0 0 0 0
0 0 0 0 0 0 50 -5 0 35 0 0 55 0 0 30 0 0 10 0 0 -5 0 0 0 0 0 10 0 0 0 0
0 -2 0 0 0 0 50 -5 0 35 0 0 55 0 0 30 0 0 65 0 0 -60 0 0 60 0 0 -45 0 0 0 0
0 0 0 0 0 0 50 -5 0 35 0 0 55 0 0 30 0 0 10 0 0 -5 0 0 0 0 0 10 0 0 0 0
0 -2 0 0 0 0 50 -5 0 35 0 0 55 0 0 30 0 0 65 0 0 -60 0 0 60 0 0 -45 0 0 0 0
0 0 0 0 0 0 50 -5 0 35 0 0 55 0 0 30 0 0 10 0 0 -5 0 0 0 0 0 10 0 0 0 0
0 -2 0 0 0 0 50 -5 0 35 0 0 55 0 0 30 0 0 65 0 0 -60 0 0 60 0 0 -45 0 0 0 0
0 0 0 0 0 0 50 -5 0 35 0 0 55 0 0 30 0 0 10 0 0 -5 0 0 0 0 0 10 0 0 0 0
0 -2 0 0 0 0 50 -5 0 35 0 0 55 0 0 30 0 0 65 0 0 -60 0 0 60 0 0 -45 0 0 0 0
0 0 0 0 0 0 50 -5 0 35 0 0 55 0 0 30 0 0 10 0 0 -5 0 0 0 0 0 10 0 0 0 0
0 -2 0 0 0 0 50 -5 0 35 0 0 55 0 0 30 0 0 65 0 0 -60 0 0 60 0 0 -45 0 0 0 0
0 0 0 0 0 0 50 -5 0 35 0 0 55 0 0 30 0 0 10 0 0 -5 0 0 0 0 0 10 0 0 0 0
0 -2 0 0 0 0 50 -5 0 35 0 0 55 0 0 30 0 0 65 0 0 -60 0 0 60 0 0 -45 0 0 0 0
0 0 0 0 0 0 50 -5 0 35 0 0 55 0 0 30 0 0 10 0 0 -5 0 0 0 0 0 10 0 0 0 0
0 0 0 -25 0 0 50 -5 0 35 0 0 55 0 0 30 0 0 10 0 0 -5 0 0 0 0 0 10 0 0 0 0
0 0 0 -90 0 0 50 -5 0 35 0 0 55 0 0 30 0 0 10 0 0 -5 0 0 0 0 0 10 0 0 0 0
0 0 0 -40 0 0 50 -5 0 35 0 0 55 0 0 30 0 0 10 0 0 -5 0 0 0 0 0 10 0 0 0 0
0 0 0 10 0 0 50 -5 0 35 0 0 55 0 0 30 0 0 10 0 0 -5 0 0 0 0 0 10 0 0 0 0
0 0 0 -5 0 0 50 -5 0 35 0 0 55 0 0 30 0 0 10 0 0 -5 0 0 0 0 0 10 0 0 0 0
0 0 0 -5 -40 0 50 -5 0 35 0 0 55 0 0 30 0 0 10 0 0 -5 0 0 0 0 0 10 0 0 0 0
0 0 0 -5 -90 0 50 -5 0 35 0 0 55 0 0 30 0 0 10 0 0 -5 0 0 0 0 0 10 0 0 0 0
0 0 0 -5 -90 0 50 -5 0 35 0 0 55 0 0 30 0 0 60 0 0 -50 0 0 55 0 0 -45 0 0 0 0
0 0 0 -5 -90 0 50 -5 0 35 0 0 55 0 0 30 0 0 0 0 0 5 0 0 -5 0 0 10 0 0 0 0
0 0 0 -5 -90 0 50 -5 0 35 0 0 55 0 0 30 0 0 60 0 0 -50 0 0 55 0 0 -45 0 0 0 0
0 0 0 -5 -90 0 50 -5 0 35 0 0 55 0 0 30 0 0 0 0 0 5 0 0 -5 0 0 10 0 0 0 0
0 0 0 -5 -90 0 50 -5 0 35 0 0 55 0 0 30 0 0 60 0 0 -50 0 0 55 0 0 -45 0 0 0 0
0 0 0 -5 -90 0 50 -5 0 35 0 0 55 0 0 30 0 0 0 0 0 5 0 0 -5 0 0 10 0 0 0 0
0 0 0 -5 -90 0 50 -5 0 35 0 0 55 0 0 30 0 0 60 0 0 -50 0 0 55 0 0 -45 0 0 0 0
0 0 0 -5 -90 0 50 -5 0 35 0 0 55 0 0 30 0 0 0 0 0 5 0 0 -5 0 0 10 0 0 0 0
0 0 0 -5 -90 0 50 -5 0 35 0 0 55 0 0 30 0 0 60 0 0 -50 0 0 55 0 0 -45 0 0 0 0
0 0 0 -5 -90 0 50 -5 0 35 0 0 55 0 0 30 0 0 0 0 0 5 0 0 -5 0 0 10 0 0 0 0
0 0 0 -5 -90 0 50 -5 0 35 0 0 55 0 0 30 0 0 60 0 0 -50 0 0 55 0 0 -45 0 0 0 0
0 0 0 -5 -90 0 50 -5 0 35 0 0 55 0 0 30 0 0 0 0 0 5 0 0 -5 0 0 10 0 0 0 0
0 0 0 -5 -90 0 50 -5 0 35 0 0 55 0 0 30 0 0 60 0 0 -50 0 0 55 0 0 -45 0 0 0 0
0 0 0 -5 -90 0 50 -5 0 35 0 0 55 0 0 30 0 0 0 0 0 5 0 0 -5 0 0 10 0 0 0 0
0 0 0 -5 -90 0 50 -5 0 35 0 0 55 0 0 30 0 0 60 0 0 -50 0 0 55 0 0 -45 0 0 0 0
0 0 0 -5 -90 0 50 -5 0 35 0 0 55 0 0 30 0 0 0 0 0 5 0 0 -5 0 0 10 0 0 0 0
0 0 0 -5 -90 0 50 -5 0 35 0 0 55 0 0 30 0 0 60 0 0 -50 0 0 55 0 0 -45 0 0 0 0
0 0 0 -5 -90 0 50 -5 0 35 0 0 55 0 0 30 0 0 0 0 0 5 0 0 -5 0 0 10 0 0 0 0
0 0 0 -5 -90 0 50 -5 0 35 0 0 55 0 0 30 0 0 60 0 0 -50 0 0 55 0 0 -45 0 0 0 0
0 0 0 -5 -90 0 50 -5 0 35 0 0 55 0 0 30 0 0 0 0 0 5 0 0 -5 0 0 10 0 0 0 0
0 0 0 -5 -90 0 50 -5 0 35 0 0 55 0 0 30 0 0 60 0 0 -50 0 0 55 0 0 -45 0 0 0 0
0 0 0 -5 -90 0 50 -5 0 35 0 0 55 0 0 30 0 0 0 0 0 5 0 0 -5 0 0 10 0 0 0 0
0 0 0 -5 -90 0 50 -5 0 35 0 0 55 0 0 30 0 0 60 0 0 -50 0 0 55 0 0 -45 0 0 0 0
0 0 0 -5 -90 0 50 -5 0 35 0 0 55 0 0 30 0 0 0 0 0 5 0 0 -5 0 0 10 0 0 0 0
0 0 0 -5 -90 0 50 -5 0 35 0 0 55 0 0 30 0 0 60 0 0 -50 0 0 55 0 0 -45 0 0 0 0
0 0 0 -5 -90 0 50 -5 0 35 0 0 55 0 0 30 0 0 0 0 0 5 0 0 -5 0 0 10 0 0 0 0
0 0 0 -5 -90 0 50 -5 0 35 0 0 55 0 0 30 0 0 60 0 0 -50 0 0 55 0 0 -45 0 0 0 0
0 0 0 -5 -90 0 50 -5 0 35 0 0 55 0 0 30 0 0 0 0 0 5 0 0 -5 0 0 10 0 0 0 0
0 0 0 -5 -90 0 50 -5 0 35 0 0 55 0 0 30 0 0 60 0 0 -50 0 0 55 0 0 -45 0 0 0 0
0 0 0 -5 -90 0 50 -5 0 35 0 0 55 0 0 30 0 0 0 0 0 5 0 0 -5 0 0 10 0 0 0 0
0 0 0 -5 -90 0 50 -5 0 35 0 0 55 0 0 30 0 0 60 0 0 -50 0 0 55 0 0 -45 0 0 0 0
0 0 0 -5 -90 0 50 -5 0 35 0 0 55 0 0 30 0 0 0 0 0 5 0 0 -5 0 0 10 0 0 0 0
0 0 0 -5 -90 0 50 -5 0 35 0 0 55 0 0 30 0 0 60 0 0 -50 0 0 55 0 0 -45 0 0 0 0
0 0 0 -5 -90 0 50 -5 0 35 0 0 55 0 0 30 0 0 0 0 0 5 0 0 -5 0 0 10 0 0 0 0
0 0 0 -5 -90 0 50 -5 0 35 0 0 55 0 0 30 0 0 60 0 0 -50 0 0 55 0 0 -45 0 0 0 0
0 0 0 -5 -90 0 50 -5 0 35 0 0 55 0 0 30 0 0 0 0 0 5 0 0 -5 0 0 10 0 0 0 0
0 0 0 -5 -90 0 50 -5 0 35 0 0 55 0 0 30 0 0 60 0 0 -50 0 0 55 0 0 -45 0 0 0 0
0 0 0 -5 -90 0 50 -5 0 35 0 0 55 0 0 30 0 0 0 0 0 5 0 0 -5 0 0 10 0 0 0 0
0 0 0 -5 -90 0 50 -5 0 35 0 0 55 0 0 30 0 0 60 0 0 -50 0 0 55 0 0 -45 0 0 0 0
0 0 0 -5 -90 0 50 -5 0 35 0 0 55 0 0 30 0 0 0 0 0 5 0 0 -5 0 0 10 0 0 0 0
0 0 0 -5 -90 0 50 -5 0 35 0 0 55 0 0 30 0 0 60 0 0 -50 0 0 55 0 0 -45 0 0 0 0
0 0 0 -5 -90 0 50 -5 0 35 0 0 55 0 0 30 0 0 0 0 0 5 0 0 -5 0 0 10 0 0 0 0
0 0 0 -5 -90 0 50 -5 0 35 0 0 55 0 0 30 0 0 60 0 0 -50 0 0 55 0 0 -45 0 0 0 0
0 0 0 -5 -90 0 50 -5 0 35 0 0 55 0 0 30 0 0 0 0 0 5 0 0 -5 0 0 10 0 0 0 0
0 0 0 -5 -90 0 50 -5 0 35 0 0 55 0 0 30 0 0 60 0 0 -50 0 0 55 0 0 -45 0 0 0 0
0 0 0 -5 -90 0 50 -5 0 35 0 0 55 0 0 30 0 0 0 0 0 5 0 0 -5 0 0 10 0 0 0 0
0 0 0 -5 -90 0 50 -5 0 35 0 0 55 0 0 30 0 0 60 0 0 -50 0 0 55 0 0 -45 0 0 0 0
0 0 0 -5 -90 0 50 -5 0 35 0 0 55 0 0 30 0 0 0 0 0 5 0 0 -5 0 0 10 0 0 0 0
0 0 0 -5 -90 0 50 -5 0 35 0 0 55 0 0 30 0 0 60 0 0 -50 0 0 55 0 0 -45 0 0 0 0
0 0 0 -5 -90 0 50 -5 0 35 0 0 55 0 0 30 0 0 0 0 0 5 0 0 -5 0 0 10 0 0 0 0
0 0 0 -5 -90 0 50 -5 0 35 0 0 55 0 0 30 0 0 60 0 0 -50 0 0 55 0 0 -45 0 0 0 0
0 0 0 -5 -90 0 50 -5 0 35 0 0 55 0 0 30 0 0 0 0 0 5 0 0 -5 0 0 10 0 0 0 0
0 0 0 -5 -90 0 50 -5 0 35 0 0 55 0 0 30 0 0 60 0 0 -50 0 0 55 0 0 -45 0 0 0 0
0 0 0 -5 -90 0 50 -5 0 35 0 0 55 0 0 30 0 0 0 0 0 5 0 0 -5 0 0 10 0 0 0 0
0 0 0 -5 -90 0 50 -5 0 35 0 0 55 0 0 30 0 0 60 0 0 -50 0 0 55 0 0 -45 0 0 0 0
0 0 0 -5 -90 0 50 -5 0 35 0 0 55 0 0 30 0 0 0 0 0 5 0 0 -5 0 0 10 0 0 0 0
0 0 0 -5 -90 0 50 -5 0 35 0 0 55 0 0 30 0 0 60 0 0 -50 0 0 55 0 0 -45 0 0 0 0
0 0 0 -5 -90 0 50 -5 0 35 0 0 55 0 0 30 0 0 0 0 0 5 0 0 -5 0 0 10 0 0 0 0
0 0 0 -5 -90 0 50 -5 0 35 0 0 55 0 0 30 0 0 60 0 0 -50 0 0 55 0 0 -45 0 0 0 0
0 0 0 -5 -90 0 50 -5 0 35 0 0 55 0 0 30 0 0 0 0 0 5 0 0 -5 0 0 10 0 0 0 0
0 0 0 -5 -90 0 50 -5 0 35 0 0 55 0 0 30 0 0 60 0 0 -50 0 0 55 0 0 -45 0 0 0 0
0 0 0 -5 -90 0 50 -5 0 35 0 0 55 0 0 30 0 0 0 0 0 5 0 0 -5 0 0 10 0 0 0 0
0 0 0 -5 -90 0 50 -5 0 35 0 0 55 0 0 30 0 0 60 0 0 -50 0 0 55 0 0 -45 0 0 0 0
0 0 0 -5 -90 0 50 -5 0 35 0 0 55 0 0 30 0 0 0 0 0 5 0 0 -5 0 0 10 0 0 0 0
0 0 0 -5 -90 0 50 -5 0 35 0 0 55 0 0 30 0 0 60 0 0 -50 0 0 55 0 0 -45 0 0 0 0
0 0 0 -5 -90 0 50 -5 0 35 0 0 55 0 0 30 0 0 0 0 0 5 0 0 -5 0 0 10 0 0 0 0
0 0 0 -5 -90 0 50 -5 0 35 0 0 55 0 0 30 0 0 60 0 0 -50 0 0 55 0 0 -45 0 0 0 0
0 0 0 -5 -90 0 50 -5 0 35 0 0 55 0 0 30 0 0 0 0 0 5 0 0 -5 0 0 10 0 0 0 0
0 0 0 -5 -90 0 50 -5 0 35 0 0 55 0 0 30 0 0 60 0 0 -50 0 0 55 0 0 -45 0 0 0 0
0 0 0 -5 -90 0 50 -5 0 35 0 0 55 0 0 30 0 0 0 0 0 5 0 0 -5 0 0 10 0 0 0 0
0 0 0 -5 -90 0 50 -5 0 35 0 0 55 0 0 30 0 0 60 0 0 -50 0 0 55 0 0 -45 0 0 0 0
0 0 0 -5 -90 0 50 -5 0 35 0 0 55 0 0 30 0 0 0 0 0 5 0 0 -5 0 0 10 0 0 0 0
0 0 0 -5 -90 0 50 -5 0 35 0 0 55 0 0 30 0 0 60 0 0 -50 0 0 55 0 0 -45 0 0 0 0
0 0 0 -5 -90 0 50 -5 0 35 0 0 55 0 0 30 0 0 0 0 0 5 0 0 -5 0 0 10 0 0 0 0
0 0 0 -5 -90 0 50 -5 0 35 0 0 55 0 0 30 0 0 60 0 0 -50 0 0 55 0 0 -45 0 0 0 0
0 0 0 -5 -90 0 50 -5 0 35 0 0 55 0 0 30 0 0 0 0 0 5 0 0 -5 0 0 10 0 0 0 0
0 0 0 -5 -90 0 50 -5 0 35 0 0 55 0 0 30 0 0 60 0 0 -50 0 0 55 0 0 -45 0 0 0 0
0 0 0 -5 -90 0 50 -5 0 35 0 0 55 0 0 30 0 0 0 0 0 5 0 0 -5 0 0 10 0 0 0 0
0 0 0 -5 -90 0 50 -5 0 35 0 0 55 0 0 30 0 0 60 0 0 -50 0 0 55 0 0 -45 0 0 0 0
0 0 0 -5 -90 0 50 -5 0 35 0 0 55 0 0 30 0 0 0 0 0 5 0 0 -5 0 0 10 0 0 0 0
0 0 0 -5 -90 0 50 -5 0 35 0 0 55 0 0 30 0 0 60 0 0 -50 0 0 55 0 0 -45 0 0 0 0
0 0 0 -5 -90 0 50 -5 0 35 0 0 55 0 0 30 0 0 0 0 0 5 0 0 -5 0 0 10 0 0 0 0
0 0 0 -5 -90 0 50 -5 0 35 0 0 55 0 0 30 0 0 60 0 0 -50 0 0 55 0 0 -45 0 0 0 0
0 0 0 -5 -90 0 50 -5 0 35 0 0 55 0 0 30 0 0 0 0 0 5 0 0 -5 0 0 10 0 0 0 0
0 0 0 -5 -90 0 50 -5 0 35 0 0 55 0 0 30 0 0 60 0 0 -50 0 0 55 0 0 -45 0 0 0 0
0 0 0 -5 -90 0 50 -5 0 35 0 0 55 0 0 30 0 0 0 0 0 5 0 0 -5 0 0 10 0 0 0 0
0 0 0 -5 -90 0 50 -5 0 35 0 0 55 0 0 30 0 0 60 0 0 -50 0 0 55 0 0 -45 0 0 0 0
0 0 0 -5 -90 0 50 -5 0 35 0 0 55 0 0 30 0 0 0 0 0 5 0 0 -5 0 0 10 0 0 0 0
0 0 0 -5 -90 0 50 -5 0 35 0 0 55 0 0 30 0 0 60 0 0 -50 0 0 55 0 0 -45 0 0 0 0
0 0 0 -5 -90 0 50 -5 0 35 0 0 55 0 0 30 0 0 0 0 0 5 0 0 -5 0 0 10 0 0 0 0
0 0 0 -5 -90 0 50 -5 0 35 0 0 55 0 0 30 0 0 60 0 0 -50 0 0 55 0 0 -45 0 0 0 0
0 0 0 -5 -90 0 50 -5 0 35 0 0 55 0 0 30 0 0 0 0 0 5 0 0 -5 0 0 10 0 0 0 0
0 0 0 -5 -90 0 50 -5 0 35 0 0 55 0 0 30 0 0 60 0 0 -50 0 0 55 0 0 -45 0 0 0 0
0 0 0 -5 -90 0 50 -5 0 35 0 0 55 0 0 30 0 0 0 0 0 5 0 0 -5 0 0 10 0 0 0 0
0 0 0 -5 -90 0 50 -5 0 35 0 0 55 0 0 30 0 0 60 0 0 -50 0 0 55 0 0 -45 0 0 0 0
0 0 0 -5 -90 0 50 -5 0 35 0 0 55 0 0 30 0 0 0 0 0 5 0 0 -5 0 0 10 0 0 0 0
0 0 0 -5 -90 0 50 -5 0 35 0 0 55 0 0 30 0 0 60 0 0 -50 0 0 55 0 0 -45 0 0 0 0
0 0 0 -5 -90 0 50 -5 0 35 0 0 55 0 0 30 0 0 0 0 0 5 0 0 -5 0 0 10 0 0 0 0
0 0 0 -5 -90 0 50 -5 0 35 0 0 55 0 0 30 0 0 60 0 0 -50 0 0 55 0 0 -45 0 0 0 0
0 0 0 -5 -90 0 50 -5 0 35 0 0 55 0 0 30 0 0 0 0 0 5 0 0 -5 0 0 10 0 0 0 0
0 0 0 -5 -90 0 50 -5 0 35 0 0 55 0 0 30 0 0 60 0 0 -50 0 0 55 0 0 -45 0 0 0 0
0 0 0 -5 -90 0 50 -5 0 35 0 0 55 0 0 30 0 0 0 0 0 5 0 0 -5 0 0 10 0 0 0 0
0 0 0 -5 -90 0 50 -5 0 35 0 0 55 0 0 30 0 0 60 0 0 -50 0 0 55 0 0 -45 0 0 0 0
0 0 0 -5 -90 0 50 -5 0 35 0 0 55 0 0 30 0 0 0 0 0 5 0 0 -5 0 0 10 0 0 0 0
0 0 0 -5 -90 0 50 -5 0 35 0 0 55 0 0 30 0 0 60 0 0 -50 0 0 55 0 0 -45 0 0 0 0
0 0 0 -5 -90 0 50 -5 0 35 0 0 55 0 0 30 0 0 0 0 0 5 0 0 -5 0 0 10 0 0 0 0
0 0 0 -5 -90 0 50 -5 0 35 0 0 55 0 0 30 0 0 60 0 0 -50 0 0 55 0 0 -45 0 0 0 0
0 0 0 -5 -90 0 50 -5 0 35 0 0 55 0 0 30 0 0 0 0 0 5 0 0 -5 0 0 10 0 0 0 0
0 0 0 -5 -90 0 50 -5 0 35 0 0 55 0 0 30 0 0 60 0 0 -50 0 0 55 0 0 -45 0 0 0 0
0 0 0 -5 -90 0 50 -5 0 35 0 0 55 0 0 30 0 0 0 0 0 5 0 0 -5 0 0 10 0 0 0 0
0 0 0 -5 -90 0 50 -5 0 35 0 0 55 0 0 30 0 0 60 0 0 -50 0 0 55 0 0 -45 0 0 0 0
0 0 0 -5 -90 0 50 -5 0 35 0 0 55 0 0 30 0 0 0 0 0 5 0 0 -5 0 0 10 0 0 0 0
0 0 0 -5 -90 0 50 -5 0 35 0 0 55 0 0 30 0 0 60 0 0 -50 0 0 55 0 0 -45 0 0 0 0
0 0 0 -5 -90 0 50 -5 0 35 0 0 55 0 0 30 0 0 0 0 0 5 0 0 -5 0 0 10 0 0 0 0
0 0 0 -5 -90 0 50 -5 0 35 0 0 55 0 0 30 0 0 60 0 0 -50 0 0 55 0 0 -45 0 0 0 0
0 0 0 -5 -90 0 50 -5 0 35 0 0 55 0 0 30 0 0 0 0 0 5 0 0 -5 0 0 10 0 0 0 0
0 0 0 -5 -90 0 50 -5 0 35 0 0 55 0 0 30 0 0 60 0 0 -50 0 0 55 0 0 -45 0 0 0 0
0 0 0 -5 -90 0 50 -5 0 35 0 0 55 0 0 30 0 0 0 0 0 5 0 0 -5 0 0 10 0 0 0 0
0 0 0 -5 -90 0 50 -5 0 35 0 0 55 0 0 30 0 0 60 0 0 -50 0 0 55 0 0 -45 0 0 0 0
0 0 0 -5 -90 0 50 -5 0 35 0 0 55 0 0 30 0 0 0 0 0 5 0 0 -5 0 0 10 0 0 0 0
0 0 0 -5 -90 0 50 -5 0 35 0 0 55 0 0 30 0 0 60 0 0 -50 0 0 55 0 0 -45 0 0 0 0
0 0 0 -5 -90 0 50 -5 0 35 0 0 55 0 0 30 0 0 0 0 0 5 0 0 -5 0 0 10 0 0 0 0
