*0 0 0 0 0 0 70 45 -40 0 -5 30 80 0 -10 0 0 -45 0 0 0 0 0 0 0 0 30 0 0 0 0 -60
0 1 0 0 0 0 70 35 -50 -25 -15 30 55 0 10 0 0 -45 0 0 0 0 0 0 0 70 50 0 50 -75 -20 -60
0 1 0 0 0 0 45 45 -50 -25 -30 70 55 0 10 0 0 -45 0 0 0 0 0 0 115 30 0 -30 80 -130 -30 -60
0 1 0 0 5 0 10 45 -50 -25 -30 70 20 5 35 -15 15 -90 0 0 0 0 0 0 115 30 0 -25 80 -115 -20 -60
*0 0 0 0 5 0 10 45 -50 -25 -30 70 20 5 35 -15 15 -90 0 0 0 0 0 0 75 10 0 100 80 -115 -20 -60
0 1 0 0 5 0 10 45 -50 -25 -30 70 20 5 35 -15 15 -90 0 0 0 0 0 0 115 30 0 -25 80 -115 -20 -60
0 1 0 0 -20 0 10 45 -50 -25 -30 70 20 5 35 -15 15 -90 0 0 0 0 0 0 135 30 0 40 130 -190 -30 -60
0 1 0 0 -25 0 10 45 -50 -25 -30 70 20 5 35 -15 15 -90 0 0 0 0 0 0 115 40 0 40 130 -190 -30 -60
*0 0 0 0 -25 0 10 45 -50 -25 -30 70 20 5 35 -15 15 -90 0 0 0 0 0 0 45 5 10 185 255 -190 -30 -60
0 0 0 0 -25 0 10 45 -50 -25 -30 70 20 5 35 -15 15 -90 0 0 0 0 0 0 45 70 10 50 165 -240 -30 -60
0 1 0 0 -25 0 10 45 -65 -25 -30 75 20 5 50 -15 15 -90 0 0 0 0 0 0 45 70 50 50 155 -240 -35 -80
0 1 0 0 -25 0 10 45 -65 -120 -30 75 35 5 50 -75 15 -90 0 0 0 0 0 0 35 70 50 50 155 -240 -35 -80
*0 0 0 0 -25 0 45 45 -55 -120 -5 75 55 5 15 -75 -20 -90 0 0 0 0 0 0 -70 85 50 60 245 -310 -10 -80
0 0 0 0 -25 0 45 45 -55 -115 10 50 55 25 10 -75 -20 -90 0 0 0 0 0 0 -80 65 75 60 210 -310 -10 -80
0 0 0 0 -25 0 45 45 -55 -115 10 50 55 25 10 -75 -20 -90 0 0 0 0 0 0 -35 50 95 80 130 -290 -10 -80
0 1 0 0 -25 0 -10 -30 -55 -60 220 175 85 5 10 -130 -20 -90 0 0 0 0 0 0 -25 35 125 80 130 -290 -35 -80
*0 1 0 0 -15 0 0 -5 -145 -60 270 320 110 60 70 -130 80 125 0 0 0 0 0 0 0 20 135 90 280 -290 -35 -80
0 0 0 0 -15 0 0 15 -120 -60 270 200 110 45 65 -130 165 125 0 0 0 0 0 0 -15 20 135 90 215 -290 0 -65
0 0 0 0 -15 0 10 10 -40 -60 270 200 70 45 45 -130 165 125 0 0 0 0 0 -5 -15 35 135 90 135 -300 0 -65
0 0 0 0 -15 0 10 5 -20 -60 270 200 70 -20 -5 -130 140 95 20 5 0 -40 5 -5 -70 65 135 90 150 -300 0 -65
*0 0 0 0 -15 0 -25 5 -10 -60 270 200 45 -15 -5 -130 155 95 20 5 0 -40 10 -5 -120 85 155 90 175 -300 0 -65
0 0 0 0 -10 0 -20 5 -10 -60 270 200 45 -10 -20 -130 155 95 20 15 0 -40 10 -5 -120 80 155 90 185 -300 0 -65
0 0 0 0 -5 0 -20 5 -10 -60 270 200 25 -10 -20 -130 155 95 20 15 0 -40 10 -5 -120 80 155 90 185 -300 0 -65
0 0 0 0 0 0 -40 5 -10 -60 270 200 25 -10 -20 -130 155 95 20 15 0 -40 0 -5 -130 90 155 90 195 -300 0 -65
*0 0 0 0 0 0 -50 10 -10 -65 270 200 40 -5 -20 -130 155 95 20 15 0 -40 0 -5 -140 95 155 90 220 -300 0 -65
0 1 0 0 -40 0 45 -10 0 -65 230 230 85 5 20 -130 160 95 0 15 0 -5 -5 -5 -140 85 160 90 235 -300 15 -40
0 1 0 0 -115 0 70 -10 10 -65 230 265 85 5 20 -130 160 95 0 15 0 -5 -5 -5 -165 65 160 90 270 -275 0 -5
0 1 0 0 -240 0 70 -10 10 -65 230 265 85 5 40 -130 160 95 -15 20 0 -5 -5 20 -165 70 155 90 280 -275 -30 -5
*0 1 0 0 -320 0 40 0 15 -60 230 270 45 5 65 -130 195 95 -20 20 0 -5 0 20 -155 135 155 85 265 -275 -30 -5
0 0 0 0 -330 0 40 20 15 -60 230 270 20 15 50 -130 195 95 -5 20 -5 -25 0 20 -165 140 170 90 270 -275 -30 -5
0 0 0 0 -340 0 -25 30 -45 10 210 270 20 15 25 -130 195 95 -5 20 -5 -20 15 25 -165 140 190 100 265 -275 -45 0
0 0 0 0 -345 0 -35 40 -45 10 210 270 20 15 25 -130 200 95 -5 20 -5 -40 10 25 -185 120 190 100 265 -275 -45 0
*0 0 0 0 -5 0 -15 40 -45 10 210 270 35 5 -20 -130 165 95 -5 20 -5 -40 10 25 -170 95 190 105 240 -275 -35 -20
0 1 0 0 -345 0 -15 30 -30 10 235 305 20 -75 25 -130 200 95 65 0 -5 -40 -5 20 -185 120 180 90 270 -275 -35 -25
0 0 0 0 -5 0 20 5 -15 10 205 305 0 -80 25 -130 200 95 40 10 -10 -55 5 -5 -195 100 205 90 265 -265 0 -15
-1 1 0 0 -5 0 40 0 0 45 185 315 -10 -65 25 -130 200 95 10 10 -10 -15 -5 -5 -195 105 205 90 265 -265 5 -15
*-1 2 0 0 -5 0 45 -10 0 45 190 315 -5 -95 25 -130 200 95 5 -10 -10 0 10 -5 -200 115 205 90 265 -265 -25 -20
-1 1 0 0 -5 0 40 10 0 15 215 315 -5 -75 25 -130 200 95 5 -10 -5 0 5 0 -205 125 205 90 195 -265 -45 -20
-1 0 0 0 -5 0 40 25 0 5 225 315 10 -55 25 -130 200 95 5 0 -5 0 10 0 -210 90 205 90 195 -265 -45 -20
0 1 0 0 -5 0 0 30 -25 55 220 315 15 -30 15 -130 200 95 5 0 -20 -5 0 0 -165 80 200 90 210 -265 5 -30
*0 2 0 0 0 0 -15 30 -25 65 220 315 25 -20 15 -130 185 95 5 0 -20 -5 0 0 -200 95 200 100 265 -265 -35 -30
0 1 0 0 0 0 0 15 -25 70 220 315 20 -55 15 -130 185 95 25 0 -20 -65 -15 0 -200 100 200 100 265 -265 -35 -30
0 1 0 0 0 0 10 15 -25 75 210 300 25 -80 15 -130 185 95 25 5 -20 -100 -15 5 -200 105 200 90 265 -265 -35 -30
0 0 0 0 0 0 20 15 -15 55 195 275 20 -70 30 -130 185 95 25 0 -20 -70 -5 5 -200 105 200 90 265 -265 -30 0
*0 0 0 0 0 0 20 10 -15 55 195 275 20 -100 30 -130 185 95 25 -25 -10 -45 10 15 -200 110 200 90 265 -265 -30 0
0 0 0 0 0 0 20 30 -15 55 195 275 40 -75 40 -130 185 95 25 -25 -10 -60 5 15 -215 110 210 90 265 -265 -5 10
0 0 0 0 -5 0 20 40 -15 60 180 275 45 -65 50 -130 185 95 25 -25 -10 -60 5 20 -240 80 235 95 275 -265 25 0
-1 0 0 0 -10 0 25 40 -15 65 180 275 45 -65 50 -130 185 95 25 -50 -10 -60 30 35 -240 105 235 95 275 -265 25 10
*-1 1 0 0 -10 0 25 40 -15 65 180 275 45 -65 50 -130 185 95 -20 -80 -15 -65 90 60 -240 110 235 95 275 -265 -15 -15
-1 1 0 0 -10 0 25 50 -25 65 180 275 55 -60 50 -130 185 95 -20 -60 -20 -65 90 60 -215 115 235 95 180 -265 -15 -15
-1 1 0 0 -10 0 20 70 -25 70 180 275 75 -70 50 -130 155 95 -10 -50 -20 -70 80 60 -205 120 235 95 160 -265 -15 -15
-1 0 0 0 -10 0 25 90 -25 70 180 275 85 -70 55 -130 150 80 -10 -80 -20 -70 65 60 -205 115 235 95 180 -265 -15 -15
*-1 0 0 0 -10 0 25 70 -25 70 180 275 85 -70 55 -130 150 80 60 -115 50 -70 70 65 -205 90 235 85 225 -265 -35 5
-1 0 0 0 0 0 30 60 -40 70 180 275 85 -70 55 -130 150 80 60 -100 50 -70 60 70 -205 90 235 85 225 -265 -35 5
-1 0 0 0 0 0 35 75 -40 70 180 275 85 -70 55 -130 150 80 60 -100 50 -65 75 75 -205 85 235 85 225 -265 -35 5
0 1 0 0 0 0 20 60 -40 70 180 275 85 -70 55 -130 150 80 60 -100 50 -65 80 55 -205 95 235 85 215 -265 -30 5
*0 1 0 0 0 0 45 70 -40 70 180 275 95 -70 55 -130 145 70 60 -125 50 -65 95 60 -205 95 235 85 245 -280 -55 5
1 0 0 0 0 0 45 70 -40 70 180 250 95 -70 55 -130 145 70 65 -25 50 -15 95 -90 -220 105 240 95 240 -280 -5 5
1 0 0 0 0 0 60 70 -40 70 180 225 90 -100 55 -130 145 70 60 -5 50 -15 75 -95 -225 115 240 95 240 -280 0 5
0 1 0 0 0 0 145 70 -40 120 190 245 170 -100 60 -130 145 70 45 -210 15 130 185 0 -170 5 185 205 -5 -170 0 5
*-1 1 0 0 -5 0 190 20 -40 120 95 245 225 -55 65 -130 110 145 0 -190 15 5 190 0 -170 10 155 190 0 -170 -10 -45
-1 1 0 0 0 0 200 20 -40 120 95 245 245 -55 65 -130 95 135 0 -175 15 5 185 5 -170 10 155 190 0 -170 -10 -45
-1 1 0 0 5 0 185 20 -40 120 95 245 245 -55 65 -130 95 135 0 -175 15 5 180 -5 -175 20 145 185 0 -170 -10 -45
-1 1 0 0 5 0 190 20 -40 120 95 245 240 -55 65 -130 95 135 0 -185 15 0 175 0 -170 20 145 185 -15 -170 -20 -40
*-1 1 0 0 5 0 190 20 -40 120 95 245 240 -55 65 -130 95 135 0 -185 15 0 175 0 -170 20 145 185 -15 -170 -20 -40
-1 1 0 0 5 0 160 20 -40 120 125 245 200 -55 60 -130 135 80 0 -185 15 0 175 0 -170 20 160 185 -15 -170 -20 -40
-1 0 0 0 20 0 110 20 -40 125 145 245 155 -55 60 -130 135 80 0 -185 5 0 175 0 -170 20 175 185 -15 -170 -25 -15
-1 0 0 0 20 0 25 20 -50 125 200 245 35 -40 60 -130 155 55 0 -185 5 0 185 0 -170 25 180 185 -15 -170 -25 -15
*-1 0 -1 0 20 0 25 20 -50 125 200 245 35 -40 60 -130 155 55 10 -205 -5 0 190 5 -190 25 185 205 -10 -170 -10 -15
-1 0 -1 0 40 0 65 20 -50 125 160 245 45 -25 70 -130 195 55 5 -205 -5 15 190 5 -175 25 185 205 -10 -170 -10 -15
-1 0 -1 0 55 0 65 15 -50 125 150 245 55 -15 75 -130 210 75 5 -205 -5 15 190 5 -175 25 160 205 -10 -170 -10 -15
-1 0 -1 0 70 0 85 15 -50 125 160 245 60 0 50 -130 195 80 5 -205 -5 15 190 5 -175 25 150 190 -10 -170 10 -30
*-1 0 -1 0 100 0 90 15 -100 125 160 245 65 -5 50 -130 195 80 5 -205 -5 15 190 5 -175 25 140 190 -10 -170 10 -30
-2 0 -1 0 100 0 105 25 -45 125 160 245 75 -5 50 -130 150 135 5 -200 0 0 195 -5 -165 15 160 190 -10 -170 0 -5
-2 0 -1 0 100 0 80 30 -10 125 160 245 65 -5 55 -155 150 165 5 -200 0 0 195 -5 -165 15 170 200 -10 -175 0 -5
-3 0 -1 0 100 0 20 25 -35 125 160 265 -75 40 80 -100 185 185 5 -200 0 0 195 -5 -160 20 180 200 -10 -175 0 -5
*-4 0 -1 0 100 0 10 25 -35 125 160 265 -85 50 80 -100 185 185 -15 -200 0 10 195 -5 -175 20 180 185 -10 -175 -5 -5
-4 0 -1 0 100 0 60 25 -35 125 160 265 -60 35 80 -150 200 200 -5 -200 20 5 195 -5 -175 20 180 185 -10 -175 -15 -5
-4 0 -1 0 100 0 80 25 -35 125 160 265 -65 20 80 -150 200 200 -5 -200 30 5 190 -5 -175 20 180 185 -10 -175 -30 -5
-4 0 -1 0 100 0 60 15 -20 140 190 255 -65 20 80 -150 200 200 -5 -200 35 5 185 -5 -175 20 180 185 -10 -175 -30 -5
*-4 0 -1 0 100 0 75 25 -15 140 155 230 -65 20 80 -150 200 200 -5 -200 35 5 185 -5 -175 35 180 185 -10 -175 -30 -5
-5 0 -2 0 100 0 80 25 -15 145 165 230 -25 40 80 -150 120 235 10 -190 5 5 185 -5 -175 30 180 185 -10 -175 -5 -5
-6 0 -3 0 105 0 70 0 0 145 175 260 -15 65 80 -150 105 235 10 -205 -5 20 185 -5 -180 35 180 195 -10 -175 -5 5
-8 0 -4 0 115 0 70 0 0 145 175 260 -15 65 80 -150 105 235 25 -210 -15 10 185 -10 -185 35 180 195 -10 -175 -20 5
*-10 0 -5 0 125 0 70 0 0 145 175 260 -15 65 80 -150 105 235 15 -210 -15 10 185 -10 -200 35 180 195 -10 -175 -5 -5
-11 0 -5 0 135 0 70 0 0 145 175 260 -15 65 80 -150 105 235 15 -210 -15 10 185 -10 -175 35 180 195 -10 -175 -5 -5
-12 0 -4 0 160 0 70 0 0 145 175 260 -15 65 80 -150 105 235 -5 -210 -15 10 185 -10 -165 35 180 195 -10 -175 -5 -5
-14 0 -3 0 175 0 70 0 0 145 175 260 -15 65 80 -150 105 235 -10 -210 -15 10 185 -10 -170 35 180 185 -10 -175 -10 -5
*-15 0 -1 0 205 0 70 0 0 145 175 260 -15 65 80 -150 105 235 35 -175 -15 55 185 -10 -175 35 180 185 -10 -175 -10 -5
-16 0 -1 0 250 0 70 0 0 145 175 260 -15 65 80 -150 105 235 55 -175 -15 110 185 -15 -175 35 180 185 -10 -175 -15 -5
-16 0 -1 0 270 0 105 5 0 145 175 285 15 65 80 -150 115 270 55 -175 -15 110 185 -15 -175 35 180 185 -10 -175 -15 -5
-17 0 -1 0 325 0 140 5 0 145 175 285 45 65 80 -150 115 270 110 -210 -15 110 190 -15 -175 35 180 185 -10 -175 -50 -5
*-18 0 -1 0 355 0 145 -50 -45 145 90 215 50 60 115 -170 255 195 -5 -190 15 5 200 0 -180 0 150 185 -10 -175 -5 -40
-18 0 -1 0 0 0 145 -50 -45 145 90 215 50 60 115 -170 255 195 -5 -190 15 5 200 0 -180 0 150 185 -10 -175 -5 -40
-18 0 -1 0 5 0 145 -50 -45 145 90 215 50 60 115 -170 255 195 -5 -190 15 5 200 0 -180 0 150 185 -10 -175 -5 -40
-18 0 -1 0 10 0 145 -50 -45 145 90 215 60 60 115 -170 255 195 -5 -190 15 5 200 0 -180 0 150 185 -10 -175 -5 -40
*-18 0 -1 0 10 0 145 -50 -45 145 90 215 60 60 115 -170 255 195 -5 -190 15 5 205 0 -180 0 145 185 -10 -175 -5 -40
-18 0 -1 0 -5 0 110 -50 -45 185 90 215 25 60 115 -125 255 195 -5 -190 15 5 205 0 -180 0 170 185 -10 -175 5 10
-17 0 -3 0 -35 0 50 -50 -45 185 90 215 -15 60 115 -125 255 195 -5 -190 15 5 205 0 -180 0 170 185 -10 -175 5 10
-16 0 -4 0 -55 0 40 -60 -45 205 110 220 -40 70 115 -125 285 135 -15 -200 15 5 205 0 -175 0 185 185 -10 -175 -15 5
*-15 0 -5 0 -75 0 40 -60 -45 205 110 220 -40 70 115 -125 285 135 -20 -200 15 5 205 0 -180 0 185 185 -10 -175 -15 5
-13 0 -6 0 -110 0 40 -60 -45 205 110 220 -40 70 115 -125 285 135 5 -195 15 5 205 0 -195 0 185 185 -10 -175 -5 0
-11 0 -6 0 -165 0 40 -60 -45 205 110 220 -40 70 115 -125 285 135 -5 -195 5 5 205 0 -195 0 185 185 -10 -175 -5 0
-9 1 -5 0 -245 0 40 -60 -45 205 110 220 -40 70 115 -125 285 135 -5 -195 5 5 205 0 -150 0 185 235 -10 -175 -35 0
*-7 1 -4 0 -345 0 40 -60 -45 205 110 220 -40 70 115 -125 285 135 -5 -195 5 5 205 0 -75 0 180 320 -10 -175 -20 5
-6 1 -3 0 -345 0 25 -60 -45 210 110 220 -55 50 115 -125 285 135 -5 -200 5 5 205 0 -65 -15 180 320 -10 -175 -20 5
-6 1 -2 0 -345 0 15 -60 -45 210 110 205 -55 50 115 -125 285 135 -5 -200 5 5 205 0 -90 -15 180 320 -10 -175 -20 -15
-6 1 -2 0 -345 0 -10 -60 -45 210 110 205 -75 45 115 -125 285 135 -5 -200 5 5 215 0 -150 -10 180 240 -10 -175 -20 -15
*-6 0 -2 0 -355 0 -25 -60 -45 210 110 205 -75 45 115 -125 285 135 -5 -200 10 5 220 0 -160 -10 180 215 -10 -175 -5 0
-6 0 -2 0 -5 0 -40 -50 -45 210 110 205 -75 45 115 -125 285 135 -5 -200 10 5 220 0 -160 -10 180 215 -10 -175 -5 0
-6 0 -2 0 -5 0 -40 -50 -45 210 110 165 -70 65 115 -125 285 135 -5 -200 0 5 220 0 -160 -10 180 215 -10 -175 -5 0
-6 0 -2 0 -5 0 -40 -50 -45 210 110 165 -70 65 115 -125 285 135 -5 -200 -5 5 220 5 -160 -10 180 215 -10 -175 -5 0
*-5 1 -2 0 -5 0 -35 -35 -45 210 110 165 -70 65 115 -125 285 135 -5 -200 15 5 220 5 -160 -10 180 215 -10 -175 -5 0
-5 1 -2 0 -20 0 -35 -5 -15 210 110 165 -70 65 115 -125 285 135 -5 -200 0 5 220 5 -190 -10 180 185 -10 -175 -5 0
-5 1 -2 0 -25 0 -35 -5 -15 210 110 165 -70 65 115 -125 285 135 25 -200 0 40 220 5 -190 -10 180 185 -10 -175 -5 0
-4 0 -2 0 -25 0 -55 5 -15 205 110 165 -70 15 115 -125 300 160 10 -200 0 0 220 5 -170 -10 180 210 -10 -175 -5 0
*-4 0 -2 0 -25 0 -55 5 -15 205 110 165 -5 15 120 -125 275 245 10 -200 0 0 220 5 -95 -10 180 315 -10 -175 -15 5
-4 0 -2 0 -30 0 -55 5 -15 205 110 165 0 15 120 -125 275 245 10 -200 0 0 220 5 -65 -10 180 335 -10 -175 -15 -40
-4 0 -2 0 -20 0 -55 5 -15 205 110 165 0 15 120 -125 275 245 10 -200 0 0 220 5 -90 -10 180 335 -10 -175 -15 -40
-4 0 -2 0 -20 0 -55 5 -15 205 110 165 0 15 120 -125 275 245 10 -200 0 0 220 5 -140 -10 180 260 -10 -175 -15 0
*-5 0 -2 0 -20 0 -30 5 -15 205 110 165 0 15 120 -125 275 245 0 -200 0 0 220 5 -205 -10 180 180 -10 -175 -15 0
-6 0 2 0 -20 0 -5 5 -15 205 110 165 0 15 120 -125 275 245 15 -200 0 0 220 5 -180 -10 185 180 -10 -175 -15 -20
-6 0 2 0 -20 0 -5 5 -15 205 110 165 -5 15 65 -125 10 245 30 -200 0 0 220 5 -180 -10 185 180 -10 -175 -30 -10
-8 0 2 0 -5 0 -5 5 -15 205 110 165 -30 95 65 -195 65 245 155 20 200 0 220 5 -180 -10 170 180 -10 -175 -5 -10
*-11 0 2 0 -5 0 -5 5 -15 205 110 165 -25 80 75 -195 60 225 175 20 185 0 220 5 -180 -10 170 180 -10 -175 -5 -10
-11 0 2 0 -5 0 -5 20 -55 205 55 165 -45 70 75 -190 80 225 175 20 185 0 220 5 -180 -10 170 180 -10 -175 -5 -10
-11 0 2 0 -5 0 -5 -25 -55 205 10 165 -30 85 75 -190 80 225 175 20 190 0 220 5 -180 10 180 180 -10 -175 -5 -10
-11 0 2 0 -5 0 -45 -90 -55 175 30 235 -30 85 75 -190 80 225 175 20 190 0 220 5 -180 10 180 180 -10 -175 -5 -10
*-11 0 1 0 -5 0 -5 -90 -55 175 35 235 -30 60 75 -180 125 230 170 20 220 0 220 5 -180 10 150 180 -10 -200 -20 5
-11 0 1 0 -15 0 15 -115 -55 180 35 235 -15 60 75 -165 150 230 170 20 220 0 220 5 -180 10 150 180 -10 -200 -20 5
-11 1 1 0 -25 0 15 -115 -55 180 35 235 -15 60 75 -165 150 230 170 20 195 0 220 5 -180 10 160 180 -10 -185 -20 5
-11 1 1 0 -45 0 15 -105 -55 180 35 235 -15 60 75 -165 150 230 170 20 195 0 220 5 -180 10 160 180 -10 -185 -20 5
*-11 1 1 0 -85 0 15 -75 -55 180 35 235 -50 80 75 -145 150 265 170 20 195 0 220 5 -180 10 160 180 -10 -185 5 5
-11 1 1 0 -110 0 15 -75 -55 180 35 235 -50 80 75 -145 150 265 170 20 195 0 220 5 -180 10 160 180 -10 -185 5 5
-11 1 1 0 -130 0 15 -75 -55 180 35 235 -50 80 75 -145 150 265 170 20 195 0 220 5 -180 10 160 180 -10 -185 5 5
-11 1 1 0 -145 0 15 -75 -55 180 35 235 -50 80 75 -145 150 265 170 20 195 0 220 5 -180 10 160 180 -10 -185 5 5
*-11 1 1 0 -175 0 15 -75 -55 180 35 235 -50 80 75 -145 150 265 170 20 195 0 220 5 -180 10 160 180 -10 -185 5 5
-11 1 1 0 -195 0 15 -75 -55 180 35 235 -50 80 75 -145 150 265 170 20 195 0 220 5 -180 10 160 180 -10 -185 5 5
-11 1 1 0 -215 0 -15 -85 -55 180 35 235 -50 80 75 -145 150 265 170 20 195 0 220 5 -180 10 160 180 -10 -185 5 5
-11 1 1 0 -235 0 -15 -85 -55 180 35 235 -50 80 75 -145 150 265 170 20 195 0 220 5 -180 10 160 180 -10 -185 5 5
*-11 1 1 0 -265 0 -30 -80 -55 180 45 235 -50 80 75 -145 150 265 170 20 195 0 220 5 -180 10 160 180 -10 -185 5 5
-11 1 1 0 -295 0 10 -80 -55 180 45 235 -90 105 125 -80 230 250 170 20 195 0 220 5 -180 10 160 180 -10 -185 5 5
-11 1 1 0 -315 0 125 -80 -55 165 95 270 -90 105 125 -80 230 250 170 20 195 0 220 5 -180 10 160 180 -10 -185 5 5
-11 1 1 0 -345 0 125 -80 -55 165 95 270 -65 85 125 -80 230 250 170 20 195 0 220 5 -180 10 160 180 -10 -185 5 5
*-11 1 1 0 -355 0 120 -90 -55 95 90 270 50 85 125 -115 265 250 170 20 190 0 220 5 -180 10 175 180 -10 -185 5 5
-11 1 2 0 -20 0 120 -90 -55 95 90 270 50 85 125 -115 265 250 170 90 190 5 265 5 -180 15 165 180 -10 -185 5 5
-11 1 2 0 -40 0 120 -90 -55 95 90 270 50 85 125 -115 265 250 170 90 190 5 265 5 -180 15 165 180 -10 -185 5 5
-11 1 2 0 -55 0 120 -90 -55 95 90 270 50 85 125 -115 265 250 170 90 190 5 265 5 -180 15 165 180 -10 -185 5 5
*-11 1 2 0 -85 0 120 -90 -55 95 90 270 50 85 125 -115 265 250 170 90 190 5 265 5 -180 15 165 180 -10 -185 5 5
-11 1 2 0 -120 0 120 -90 -55 95 90 270 80 35 105 -115 270 250 170 90 190 5 265 5 -180 15 165 180 -10 -185 5 5
-11 1 2 0 -130 0 125 -90 -55 95 90 270 80 10 95 -105 270 250 170 90 190 5 265 5 -170 15 165 180 -10 -185 5 15
-11 1 2 0 -145 0 125 -90 -55 95 90 270 80 10 95 -105 270 250 170 90 190 5 265 5 -170 15 165 180 -10 -185 5 15
*-11 1 2 0 -175 0 125 -90 -55 95 90 270 80 10 95 -105 270 250 170 90 190 5 265 5 -170 15 180 180 -10 -185 5 15
-11 1 2 0 -200 0 125 -90 -55 95 90 270 85 10 30 -105 310 250 170 90 190 5 265 5 -150 15 185 200 -10 -185 5 15
-11 1 2 0 -215 0 125 -90 -55 95 90 270 80 25 -20 -105 350 250 170 90 190 5 265 5 -115 15 185 245 -10 -185 -5 -60
-11 1 2 0 -245 0 125 -90 -55 95 90 270 115 25 -20 -105 320 250 170 90 190 5 265 5 -85 15 185 245 -10 -185 -5 -60
*-11 1 2 0 -265 0 125 -90 -55 95 90 270 115 45 70 -105 270 250 170 90 190 5 265 5 -35 -5 145 180 -10 -185 -5 -60
-11 1 2 0 -295 0 125 -90 -55 95 90 270 120 0 70 -105 270 240 170 90 190 5 265 5 -55 -5 170 250 -10 -185 -5 -30
-11 1 2 0 -315 0 125 -90 -55 95 90 270 120 0 70 -105 270 240 170 90 190 5 265 5 -130 -5 170 215 -10 -185 -10 -10
-11 1 2 0 -330 0 125 -90 -55 95 90 270 120 0 70 -105 270 240 170 90 190 5 270 5 -190 -5 170 180 -10 -185 -5 5
*-11 1 2 0 -355 0 125 -90 -55 95 90 270 120 0 70 -105 270 240 170 90 190 5 270 5 -180 15 175 180 -10 -185 -5 5
-11 1 2 0 -40 0 125 -90 -55 95 90 270 120 45 70 -105 270 240 170 90 190 5 270 5 -205 15 175 180 -10 -185 -5 5
-11 1 2 0 -55 0 125 -90 -55 95 90 270 120 45 70 -105 270 240 170 90 190 5 270 5 -205 15 175 180 -10 -185 -5 5
-12 1 2 0 -65 0 125 -90 -55 95 90 270 120 45 70 -105 270 240 170 90 190 5 270 5 -205 15 175 180 -10 -185 -5 5
*-12 1 2 0 -85 0 125 -100 -55 90 90 270 140 100 40 -115 270 240 170 90 190 5 270 5 -205 15 175 180 -10 -185 -5 -45
-13 1 2 0 -85 0 125 -100 -55 90 90 270 140 100 40 -115 270 240 170 90 190 5 265 5 -195 15 175 180 -10 -185 -15 -25
-14 1 2 0 -85 0 125 -100 -55 90 90 270 140 100 40 -115 270 240 170 90 190 5 265 5 -180 15 175 180 -10 -185 -5 -25
-15 1 2 0 -85 0 125 -100 -55 90 90 270 140 100 40 -115 270 240 175 90 190 5 265 5 -185 15 175 180 -10 -185 -30 -25
*-16 1 1 0 -85 0 125 -100 -55 90 90 270 140 100 40 -115 270 240 175 90 205 5 265 5 -190 15 175 180 -10 -185 -45 -10
-16 0 1 0 -85 0 125 -100 -55 90 90 270 140 100 40 -115 270 240 170 90 205 -75 310 -70 -175 15 175 200 -10 -185 -5 -10
-16 -1 1 0 -85 0 130 -80 -50 125 90 270 140 80 40 -115 275 215 195 90 205 -75 340 -70 -140 15 175 265 -10 -185 20 -25
-16 0 1 0 -85 0 130 -80 -50 125 90 270 140 80 40 -115 275 215 165 90 205 -85 285 -90 -165 15 175 200 -10 -185 -5 -5
*-16 1 1 0 -85 0 130 -80 -50 125 90 270 140 80 40 -115 275 215 150 90 205 -85 265 -90 -180 15 175 185 0 -185 -5 -5
-16 1 1 0 -85 0 130 -85 -50 125 90 245 140 80 40 -115 275 230 150 90 205 -85 265 -90 -180 15 175 185 0 -185 -20 -35
-16 1 1 0 -85 0 130 -85 -50 125 90 245 140 80 40 -115 275 230 150 90 205 -85 265 -90 -180 15 175 185 0 -185 -20 -35
-16 1 1 0 -85 0 130 -85 -50 125 90 245 140 80 40 -115 275 230 150 90 205 -85 265 -90 -180 15 175 185 0 -185 -20 -35
*-16 0 1 0 -85 0 130 -85 -50 125 90 245 140 80 40 -115 275 230 165 90 205 -60 290 -65 -165 15 175 215 0 -185 -5 -15
-16 -1 1 0 -85 0 130 -75 -50 150 90 245 140 70 40 -90 275 230 190 90 205 -60 345 -65 -135 15 175 255 0 -185 20 10
-16 0 1 0 -85 0 130 -75 -50 150 90 245 140 70 40 -90 275 230 160 90 205 -60 295 -65 -160 15 175 220 0 -185 20 10
-16 1 1 0 -85 0 130 -75 -50 150 90 245 140 70 40 -90 275 230 145 90 205 -60 260 -65 -180 15 175 185 0 -185 0 10
*-16 1 1 0 -85 0 130 -80 -40 150 90 225 140 80 30 -90 275 255 145 90 205 -60 260 -65 -180 15 175 185 0 -185 0 10
-16 1 1 0 -85 0 95 -80 -40 150 90 225 110 65 30 -90 275 255 145 90 205 -60 260 -65 -180 15 175 185 0 -185 0 10
-16 1 1 0 -85 0 50 -80 -40 150 90 225 55 65 30 -90 275 255 145 90 205 -60 260 -65 -180 15 175 185 0 -185 0 10
-16 1 1 0 -75 0 15 -90 -40 150 90 225 20 40 30 -90 275 255 10 10 340 -5 0 5 -180 10 160 185 0 -185 0 10
*-16 0 1 -60 -40 -70 0 -105 -65 150 90 225 10 45 55 -90 275 255 45 -45 340 -5 0 5 -125 10 130 185 0 -185 -40 -30
-16 -2 1 -60 -20 -70 -15 -105 -65 150 90 225 -5 45 55 -90 275 255 70 -45 340 -5 0 5 -115 10 130 185 0 -185 -40 -25
-16 -4 1 -75 10 -70 0 -100 -65 150 90 225 15 80 55 -90 275 255 105 -45 340 -5 0 5 -80 10 130 185 0 -185 -40 -25
-16 -4 1 -105 5 -80 10 -120 -55 150 90 225 5 120 55 -90 275 255 75 -45 320 -5 45 5 -80 10 155 185 0 -185 0 -55
*-16 -4 1 -100 5 -80 10 -120 -55 150 90 225 5 120 55 -90 275 255 75 -45 320 -5 45 5 -80 10 155 185 0 -185 0 -55
-16 -2 1 -100 -35 -80 0 -125 -55 150 90 225 25 150 55 -90 275 255 50 -20 320 -5 45 5 -120 10 155 185 0 -185 0 -55
-16 -1 1 -100 -55 -90 0 -125 -55 150 90 225 25 150 55 -90 275 255 20 -15 320 -5 45 5 -115 25 155 185 0 -185 -5 -40
-16 -1 1 -100 -55 -90 55 -105 -55 150 90 225 65 125 45 -90 275 255 20 -15 320 -5 45 5 -115 25 155 185 0 -185 -5 -40
*-16 -1 1 -90 -75 -90 45 -90 -55 150 95 225 55 90 45 -90 275 255 10 -15 320 -5 20 5 -160 -15 155 185 0 -185 -10 0
-15 0 1 -90 -90 -90 20 -60 -60 150 95 225 45 70 45 -90 275 255 -5 -15 335 -5 20 5 -185 -15 155 185 0 -185 -10 0
-14 0 1 -90 -95 -90 30 0 -60 150 95 225 20 60 45 -90 275 255 -15 -15 335 -5 20 5 -195 -15 155 185 0 -185 -10 0
-13 0 1 -95 -100 -100 -5 0 -60 165 160 295 0 15 45 -90 10 255 -25 -15 355 -5 20 5 -205 -15 155 185 0 -185 -5 5
*-13 0 1 10 -75 5 -5 0 -45 165 160 290 0 15 45 -90 10 255 -5 -15 -10 -5 20 5 -195 -15 155 185 0 -185 -5 5
-13 0 1 10 -65 5 -5 0 -45 165 160 290 0 15 45 -90 10 255 5 0 -10 -5 20 5 -200 -10 155 185 0 -185 -5 5
-13 0 1 10 -60 5 -5 0 -45 165 160 290 0 15 45 -90 10 255 5 30 -20 -5 20 5 -200 -10 155 185 0 -185 -5 5
-13 0 1 10 -55 5 -5 0 -45 165 160 290 0 15 45 -90 10 255 5 30 -25 -5 20 5 -200 -10 155 185 0 -185 -5 5
*-13 0 1 10 -50 5 -5 0 -45 165 160 290 0 15 45 -90 10 255 5 30 -25 -5 20 5 -200 -10 155 185 0 -185 -5 5
-13 0 1 10 -60 5 -5 0 -45 165 160 290 10 15 45 -90 -25 255 5 30 -25 -5 20 5 -200 -10 155 185 0 -185 -5 5
-14 0 1 10 -60 5 40 0 -45 165 160 290 10 15 45 -90 -25 255 5 30 -10 -5 20 5 -200 -10 155 185 0 -185 -5 5
-16 0 1 0 -25 0 145 0 -45 290 145 305 -10 30 45 -100 -55 255 0 30 -20 -5 20 5 -170 -5 170 185 0 -185 -5 5
*-17 1 1 0 0 0 190 0 -45 75 90 290 -15 10 15 -95 -105 255 -15 -25 -20 -5 20 5 -185 -5 155 185 0 -185 0 -35
-17 1 1 0 10 0 190 0 -45 75 90 290 -15 10 15 -95 -105 255 -15 -25 -20 -5 20 5 -185 -5 155 185 0 -185 0 -35
-17 1 1 0 -45 0 185 55 -75 10 90 290 25 10 15 -95 -105 255 -15 -25 -20 -5 20 5 -185 -5 165 185 0 -185 0 -15
-16 1 0 0 -65 0 165 80 -75 10 90 290 5 10 80 -95 -95 235 -20 20 -20 -5 20 5 -190 0 165 175 0 -185 -10 0
*-14 1 0 0 -95 0 210 80 -75 -15 90 290 5 10 80 -95 -95 235 -20 20 -20 -5 20 5 -190 0 175 175 0 -185 -10 0
-13 1 -1 0 -125 0 210 80 -75 -15 90 290 5 10 80 -95 -95 235 -20 20 -5 -5 20 5 -190 0 175 175 0 -185 -10 0
-11 1 -1 0 -150 0 210 80 -75 55 100 275 5 10 80 -95 -95 235 0 20 -5 -5 20 5 -195 10 180 175 0 -185 5 0
-10 1 -1 0 -175 0 185 80 -75 55 100 275 10 35 80 -95 -95 235 -5 20 -5 -5 20 5 -195 10 160 175 0 -185 5 0
*-8 1 0 0 -225 0 160 80 -75 55 100 275 5 35 80 -95 -95 235 -5 20 -5 -5 20 5 -195 10 160 175 0 -185 5 0
-8 1 1 0 -245 0 150 80 -75 55 100 275 5 35 80 -95 -95 235 10 20 -5 -30 20 5 -170 10 160 175 0 -185 5 -15
-8 1 1 0 -250 0 150 80 -75 55 100 275 5 35 80 -95 -95 235 10 20 -5 -30 20 5 -170 10 160 175 0 -185 5 -15
-8 1 1 0 -255 0 150 80 -75 55 100 275 -5 50 80 -95 -95 235 10 20 -5 -30 20 5 -170 10 160 175 0 -185 5 -15
*-8 1 1 0 -260 0 150 80 -75 55 100 275 -5 55 80 -95 -95 235 10 20 -5 -30 20 5 -170 10 160 175 0 -185 5 -15
-7 1 1 0 -270 0 155 80 -75 55 100 250 0 55 80 -95 -95 200 25 20 -5 -30 20 5 -180 10 170 175 0 -185 -10 5
-6 1 0 0 -270 0 155 80 -75 55 100 250 0 55 80 -95 -95 200 10 20 -5 -10 20 5 -200 10 170 175 0 -185 -10 5
-5 1 0 0 -270 0 155 80 -75 55 100 250 0 55 80 -95 -95 200 25 20 -5 -10 20 5 -185 10 170 175 0 -185 -30 5
*-5 1 0 0 -240 0 155 80 -75 55 100 250 0 55 80 -95 -95 200 65 20 -5 -85 20 5 -185 10 170 175 0 -185 -30 5
-4 1 0 0 -210 0 155 80 -75 55 100 250 0 55 80 -95 -95 200 65 20 -5 -85 20 5 -185 10 170 175 0 -185 -30 5
-3 1 0 0 -165 0 155 80 -75 55 100 250 0 55 80 -95 -95 200 80 20 -5 -85 20 5 -185 10 180 175 0 -185 -30 5
-2 1 0 0 -110 0 155 80 -75 55 100 250 0 55 80 -95 -95 200 65 20 -5 -85 20 5 -185 10 180 175 0 -185 -30 5
*-1 1 0 0 -20 0 155 80 -75 55 100 250 0 55 80 -95 -95 200 10 20 -5 -20 20 5 -195 10 180 175 0 -185 -5 5
0 0 0 0 15 0 130 70 -75 55 100 250 -20 45 80 -95 -150 225 0 5 -5 0 -5 5 -190 5 165 175 0 -185 -5 5
0 0 0 0 0 0 70 45 -40 0 -5 30 80 0 -10 0 0 -45 0 0 0 0 0 0 0 0 30 0 0 0 0 -60
0 1 0 0 0 0 45 45 -50 -25 -30 70 55 0 10 0 0 -45 0 0 0 0 0 0 115 30 0 -30 80 -130 -30 -60
*0 0 0 0 5 0 10 45 -50 -25 -30 70 20 5 35 -15 15 -90 0 0 0 0 0 0 75 10 0 100 80 -115 -20 -60
0 1 0 0 5 0 10 45 -50 -25 -30 70 20 5 35 -15 15 -90 0 0 0 0 0 0 115 30 0 -25 80 -115 -20 -60
0 1 0 0 -20 0 10 45 -50 -25 -30 70 20 5 35 -15 15 -90 0 0 0 0 0 0 135 30 0 40 130 -190 -30 -60
0 1 0 0 -25 0 10 45 -50 -25 -30 70 20 5 35 -15 15 -90 0 0 0 0 0 0 115 40 0 40 130 -190 -30 -60
*0 0 0 0 -25 0 10 45 -50 -25 -30 70 20 5 35 -15 15 -90 0 0 0 0 0 0 45 5 10 185 255 -190 -30 -60
0 0 0 0 -25 0 10 45 -50 -25 -30 70 20 5 35 -15 15 -90 0 0 0 0 0 0 45 70 10 50 165 -240 -30 -60
0 1 0 0 -25 0 10 45 -65 -25 -30 75 20 5 50 -15 15 -90 0 0 0 0 0 0 45 70 50 50 155 -240 -35 -80
0 1 0 0 -25 0 10 45 -65 -120 -30 75 35 5 50 -75 15 -90 0 0 0 0 0 0 35 70 50 50 155 -240 -35 -80
*0 0 0 0 -25 0 45 45 -55 -120 -5 75 55 5 15 -75 -20 -90 0 0 0 0 0 0 -70 85 50 60 245 -310 -10 -80
0 0 0 0 -25 0 45 45 -55 -115 10 50 55 25 10 -75 -20 -90 0 0 0 0 0 0 -80 65 75 60 210 -310 -10 -80
0 0 0 0 -25 0 45 45 -55 -115 10 50 55 25 10 -75 -20 -90 0 0 0 0 0 0 -35 50 95 80 130 -290 -10 -80
0 1 0 0 -25 0 -10 -30 -55 -60 220 175 85 5 10 -130 -20 -90 0 0 0 0 0 0 -25 35 125 80 130 -290 -35 -80
*0 1 0 0 -15 0 0 -5 -145 -60 270 320 110 60 70 -130 80 125 0 0 0 0 0 0 0 20 135 90 280 -290 -35 -80
0 0 0 0 -15 0 0 15 -120 -60 270 200 110 45 65 -130 165 125 0 0 0 0 0 0 -15 20 135 90 215 -290 0 -65
0 0 0 0 -15 0 10 10 -40 -60 270 200 70 45 45 -130 165 125 0 0 0 0 0 -5 -15 35 135 90 135 -300 0 -65
0 0 0 0 -15 0 10 5 -20 -60 270 200 70 -20 -5 -130 140 95 20 5 0 -40 5 -5 -70 65 135 90 150 -300 0 -65
*0 0 0 0 -15 0 -25 5 -10 -60 270 200 45 -15 -5 -130 155 95 20 5 0 -40 10 -5 -120 85 155 90 175 -300 0 -65
0 0 0 0 -10 0 -20 5 -10 -60 270 200 45 -10 -20 -130 155 95 20 15 0 -40 10 -5 -120 80 155 90 185 -300 0 -65
0 0 0 0 -5 0 -20 5 -10 -60 270 200 25 -10 -20 -130 155 95 20 15 0 -40 10 -5 -120 80 155 90 185 -300 0 -65
0 0 0 0 0 0 -40 5 -10 -60 270 200 25 -10 -20 -130 155 95 20 15 0 -40 0 -5 -130 90 155 90 195 -300 0 -65
*0 0 0 0 0 0 -50 10 -10 -65 270 200 40 -5 -20 -130 155 95 20 15 0 -40 0 -5 -140 95 155 90 220 -300 0 -65
0 1 0 0 -40 0 45 -10 0 -65 230 230 85 5 20 -130 160 95 0 15 0 -5 -5 -5 -140 85 160 90 235 -300 15 -40
0 1 0 0 -115 0 70 -10 10 -65 230 265 85 5 20 -130 160 95 0 15 0 -5 -5 -5 -165 65 160 90 270 -275 0 -5
0 1 0 0 -240 0 70 -10 10 -65 230 265 85 5 40 -130 160 95 -15 20 0 -5 -5 20 -165 70 155 90 280 -275 -30 -5
*0 1 0 0 -320 0 40 0 15 -60 230 270 45 5 65 -130 195 95 -20 20 0 -5 0 20 -155 135 155 85 265 -275 -30 -5
0 0 0 0 -330 0 40 20 15 -60 230 270 20 15 50 -130 195 95 -5 20 -5 -25 0 20 -165 140 170 90 270 -275 -30 -5
0 0 0 0 -340 0 -25 30 -45 10 210 270 20 15 25 -130 195 95 -5 20 -5 -20 15 25 -165 140 190 100 265 -275 -45 0
0 0 0 0 -345 0 -35 40 -45 10 210 270 20 15 25 -130 200 95 -5 20 -5 -40 10 25 -185 120 190 100 265 -275 -45 0
*0 0 0 0 -5 0 -15 40 -45 10 210 270 35 5 -20 -130 165 95 -5 20 -5 -40 10 25 -170 95 190 105 240 -275 -35 -20
0 1 0 0 -345 0 -15 30 -30 10 235 305 20 -75 25 -130 200 95 65 0 -5 -40 -5 20 -185 120 180 90 270 -275 -35 -25
0 0 0 0 -5 0 20 5 -15 10 205 305 0 -80 25 -130 200 95 40 10 -10 -55 5 -5 -195 100 205 90 265 -265 0 -15
-1 1 0 0 -5 0 40 0 0 45 185 315 -10 -65 25 -130 200 95 10 10 -10 -15 -5 -5 -195 105 205 90 265 -265 5 -15
*-1 2 0 0 -5 0 45 -10 0 45 190 315 -5 -95 25 -130 200 95 5 -10 -10 0 10 -5 -200 115 205 90 265 -265 -25 -20
-1 1 0 0 -5 0 40 10 0 15 215 315 -5 -75 25 -130 200 95 5 -10 -5 0 5 0 -205 125 205 90 195 -265 -45 -20
-1 0 0 0 -5 0 40 25 0 5 225 315 10 -55 25 -130 200 95 5 0 -5 0 10 0 -210 90 205 90 195 -265 -45 -20
0 1 0 0 -5 0 0 30 -25 55 220 315 15 -30 15 -130 200 95 5 0 -20 -5 0 0 -165 80 200 90 210 -265 5 -30
*0 2 0 0 0 0 -15 30 -25 65 220 315 25 -20 15 -130 185 95 5 0 -20 -5 0 0 -200 95 200 100 265 -265 -35 -30
0 1 0 0 0 0 0 15 -25 70 220 315 20 -55 15 -130 185 95 25 0 -20 -65 -15 0 -200 100 200 100 265 -265 -35 -30
0 1 0 0 0 0 10 15 -25 75 210 300 25 -80 15 -130 185 95 25 5 -20 -100 -15 5 -200 105 200 90 265 -265 -35 -30
0 0 0 0 0 0 20 15 -15 55 195 275 20 -70 30 -130 185 95 25 0 -20 -70 -5 5 -200 105 200 90 265 -265 -30 0
*0 0 0 0 0 0 20 10 -15 55 195 275 20 -100 30 -130 185 95 25 -25 -10 -45 10 15 -200 110 200 90 265 -265 -30 0
0 0 0 0 0 0 20 30 -15 55 195 275 40 -75 40 -130 185 95 25 -25 -10 -60 5 15 -215 110 210 90 265 -265 -5 10
0 0 0 0 -5 0 20 40 -15 60 180 275 45 -65 50 -130 185 95 25 -25 -10 -60 5 20 -240 80 235 95 275 -265 25 0
-1 0 0 0 -10 0 25 40 -15 65 180 275 45 -65 50 -130 185 95 25 -50 -10 -60 30 35 -240 105 235 95 275 -265 25 10
*-1 1 0 0 -10 0 25 40 -15 65 180 275 45 -65 50 -130 185 95 -20 -80 -15 -65 90 60 -240 110 235 95 275 -265 -15 -15
-1 1 0 0 -10 0 25 50 -25 65 180 275 55 -60 50 -130 185 95 -20 -60 -20 -65 90 60 -215 115 235 95 180 -265 -15 -15
-1 1 0 0 -10 0 20 70 -25 70 180 275 75 -70 50 -130 155 95 -10 -50 -20 -70 80 60 -205 120 235 95 160 -265 -15 -15
-1 0 0 0 -10 0 25 90 -25 70 180 275 85 -70 55 -130 150 80 -10 -80 -20 -70 65 60 -205 115 235 95 180 -265 -15 -15
*-1 0 0 0 -10 0 25 70 -25 70 180 275 85 -70 55 -130 150 80 60 -115 50 -70 70 65 -205 90 235 85 225 -265 -35 5
-1 0 0 0 0 0 30 60 -40 70 180 275 85 -70 55 -130 150 80 60 -100 50 -70 60 70 -205 90 235 85 225 -265 -35 5
-1 0 0 0 0 0 35 75 -40 70 180 275 85 -70 55 -130 150 80 60 -100 50 -65 75 75 -205 85 235 85 225 -265 -35 5
0 1 0 0 0 0 20 60 -40 70 180 275 85 -70 55 -130 150 80 60 -100 50 -65 80 55 -205 95 235 85 215 -265 -30 5
*0 1 0 0 0 0 45 70 -40 70 180 275 95 -70 55 -130 145 70 60 -125 50 -65 95 60 -205 95 235 85 245 -280 -55 5
1 0 0 0 0 0 45 70 -40 70 180 250 95 -70 55 -130 145 70 65 -25 50 -15 95 -90 -220 105 240 95 240 -280 -5 5
1 0 0 0 0 0 60 70 -40 70 180 225 90 -100 55 -130 145 70 60 -5 50 -15 75 -95 -225 115 240 95 240 -280 0 5
0 1 0 0 0 0 145 70 -40 120 190 245 170 -100 60 -130 145 70 45 -210 15 130 185 0 -170 5 185 205 -5 -170 0 5
*-1 1 0 0 -5 0 190 20 -40 120 95 245 225 -55 65 -130 110 145 0 -190 15 5 190 0 -170 10 155 190 0 -170 -10 -45
-1 1 0 0 0 0 200 20 -40 120 95 245 245 -55 65 -130 95 135 0 -175 15 5 185 5 -170 10 155 190 0 -170 -10 -45
-1 1 0 0 5 0 185 20 -40 120 95 245 245 -55 65 -130 95 135 0 -175 15 5 180 -5 -175 20 145 185 0 -170 -10 -45
-1 1 0 0 5 0 190 20 -40 120 95 245 240 -55 65 -130 95 135 0 -185 15 0 175 0 -170 20 145 185 -15 -170 -20 -40
*-1 1 0 0 5 0 190 20 -40 120 95 245 240 -55 65 -130 95 135 0 -185 15 0 175 0 -170 20 145 185 -15 -170 -20 -40
-1 1 0 0 5 0 160 20 -40 120 125 245 200 -55 60 -130 135 80 0 -185 15 0 175 0 -170 20 160 185 -15 -170 -20 -40
-1 0 0 0 20 0 110 20 -40 125 145 245 155 -55 60 -130 135 80 0 -185 5 0 175 0 -170 20 175 185 -15 -170 -25 -15
-1 0 0 0 20 0 25 20 -50 125 200 245 35 -40 60 -130 155 55 0 -185 5 0 185 0 -170 25 180 185 -15 -170 -25 -15
*-1 0 -1 0 20 0 25 20 -50 125 200 245 35 -40 60 -130 155 55 10 -205 -5 0 190 5 -190 25 185 205 -10 -170 -10 -15
-1 0 -1 0 40 0 65 20 -50 125 160 245 45 -25 70 -130 195 55 5 -205 -5 15 190 5 -175 25 185 205 -10 -170 -10 -15
-1 0 -1 0 55 0 65 15 -50 125 150 245 55 -15 75 -130 210 75 5 -205 -5 15 190 5 -175 25 160 205 -10 -170 -10 -15
-1 0 -1 0 70 0 85 15 -50 125 160 245 60 0 50 -130 195 80 5 -205 -5 15 190 5 -175 25 150 190 -10 -170 10 -30
*-1 0 -1 0 100 0 90 15 -100 125 160 245 65 -5 50 -130 195 80 5 -205 -5 15 190 5 -175 25 140 190 -10 -170 10 -30
-2 0 -1 0 100 0 105 25 -45 125 160 245 75 -5 50 -130 150 135 5 -200 0 0 195 -5 -165 15 160 190 -10 -170 0 -5
-2 0 -1 0 100 0 80 30 -10 125 160 245 65 -5 55 -155 150 165 5 -200 0 0 195 -5 -165 15 170 200 -10 -175 0 -5
-3 0 -1 0 100 0 20 25 -35 125 160 265 -75 40 80 -100 185 185 5 -200 0 0 195 -5 -160 20 180 200 -10 -175 0 -5
*-4 0 -1 0 100 0 10 25 -35 125 160 265 -85 50 80 -100 185 185 -15 -200 0 10 195 -5 -175 20 180 185 -10 -175 -5 -5
-4 0 -1 0 100 0 60 25 -35 125 160 265 -60 35 80 -150 200 200 -5 -200 20 5 195 -5 -175 20 180 185 -10 -175 -15 -5
-4 0 -1 0 100 0 80 25 -35 125 160 265 -65 20 80 -150 200 200 -5 -200 30 5 190 -5 -175 20 180 185 -10 -175 -30 -5
-4 0 -1 0 100 0 60 15 -20 140 190 255 -65 20 80 -150 200 200 -5 -200 35 5 185 -5 -175 20 180 185 -10 -175 -30 -5
*-4 0 -1 0 100 0 75 25 -15 140 155 230 -65 20 80 -150 200 200 -5 -200 35 5 185 -5 -175 35 180 185 -10 -175 -30 -5
-5 0 -2 0 100 0 80 25 -15 145 165 230 -25 40 80 -150 120 235 10 -190 5 5 185 -5 -175 30 180 185 -10 -175 -5 -5
-6 0 -3 0 105 0 70 0 0 145 175 260 -15 65 80 -150 105 235 10 -205 -5 20 185 -5 -180 35 180 195 -10 -175 -5 5
-8 0 -4 0 115 0 70 0 0 145 175 260 -15 65 80 -150 105 235 25 -210 -15 10 185 -10 -185 35 180 195 -10 -175 -20 5
*-10 0 -5 0 125 0 70 0 0 145 175 260 -15 65 80 -150 105 235 15 -210 -15 10 185 -10 -200 35 180 195 -10 -175 -5 -5
-11 0 -5 0 135 0 70 0 0 145 175 260 -15 65 80 -150 105 235 15 -210 -15 10 185 -10 -175 35 180 195 -10 -175 -5 -5
-12 0 -4 0 160 0 70 0 0 145 175 260 -15 65 80 -150 105 235 -5 -210 -15 10 185 -10 -165 35 180 195 -10 -175 -5 -5
-14 0 -3 0 175 0 70 0 0 145 175 260 -15 65 80 -150 105 235 -10 -210 -15 10 185 -10 -170 35 180 185 -10 -175 -10 -5
*-15 0 -1 0 205 0 70 0 0 145 175 260 -15 65 80 -150 105 235 35 -175 -15 55 185 -10 -175 35 180 185 -10 -175 -10 -5
-16 0 -1 0 250 0 70 0 0 145 175 260 -15 65 80 -150 105 235 55 -175 -15 110 185 -15 -175 35 180 185 -10 -175 -15 -5
-16 0 -1 0 270 0 105 5 0 145 175 285 15 65 80 -150 115 270 55 -175 -15 110 185 -15 -175 35 180 185 -10 -175 -15 -5
-17 0 -1 0 325 0 140 5 0 145 175 285 45 65 80 -150 115 270 110 -210 -15 110 190 -15 -175 35 180 185 -10 -175 -50 -5
*-18 0 -1 0 355 0 145 -50 -45 145 90 215 50 60 115 -170 255 195 -5 -190 15 5 200 0 -180 0 150 185 -10 -175 -5 -40
-18 0 -1 0 0 0 145 -50 -45 145 90 215 50 60 115 -170 255 195 -5 -190 15 5 200 0 -180 0 150 185 -10 -175 -5 -40
-18 0 -1 0 5 0 145 -50 -45 145 90 215 50 60 115 -170 255 195 -5 -190 15 5 200 0 -180 0 150 185 -10 -175 -5 -40
-18 0 -1 0 10 0 145 -50 -45 145 90 215 60 60 115 -170 255 195 -5 -190 15 5 200 0 -180 0 150 185 -10 -175 -5 -40
*-18 0 -1 0 10 0 145 -50 -45 145 90 215 60 60 115 -170 255 195 -5 -190 15 5 205 0 -180 0 145 185 -10 -175 -5 -40
-18 0 -1 0 -5 0 110 -50 -45 185 90 215 25 60 115 -125 255 195 -5 -190 15 5 205 0 -180 0 170 185 -10 -175 5 10
-17 0 -3 0 -35 0 50 -50 -45 185 90 215 -15 60 115 -125 255 195 -5 -190 15 5 205 0 -180 0 170 185 -10 -175 5 10
-16 0 -4 0 -55 0 40 -60 -45 205 110 220 -40 70 115 -125 285 135 -15 -200 15 5 205 0 -175 0 185 185 -10 -175 -15 5
*-15 0 -5 0 -75 0 40 -60 -45 205 110 220 -40 70 115 -125 285 135 -20 -200 15 5 205 0 -180 0 185 185 -10 -175 -15 5
-13 0 -6 0 -110 0 40 -60 -45 205 110 220 -40 70 115 -125 285 135 5 -195 15 5 205 0 -195 0 185 185 -10 -175 -5 0
-11 0 -6 0 -165 0 40 -60 -45 205 110 220 -40 70 115 -125 285 135 -5 -195 5 5 205 0 -195 0 185 185 -10 -175 -5 0
-9 1 -5 0 -245 0 40 -60 -45 205 110 220 -40 70 115 -125 285 135 -5 -195 5 5 205 0 -150 0 185 235 -10 -175 -35 0
*-7 1 -4 0 -345 0 40 -60 -45 205 110 220 -40 70 115 -125 285 135 -5 -195 5 5 205 0 -75 0 180 320 -10 -175 -20 5
-6 1 -3 0 -345 0 25 -60 -45 210 110 220 -55 50 115 -125 285 135 -5 -200 5 5 205 0 -65 -15 180 320 -10 -175 -20 5
-6 1 -2 0 -345 0 15 -60 -45 210 110 205 -55 50 115 -125 285 135 -5 -200 5 5 205 0 -90 -15 180 320 -10 -175 -20 -15
-6 1 -2 0 -345 0 -10 -60 -45 210 110 205 -75 45 115 -125 285 135 -5 -200 5 5 215 0 -150 -10 180 240 -10 -175 -20 -15
*-6 0 -2 0 -355 0 -25 -60 -45 210 110 205 -75 45 115 -125 285 135 -5 -200 10 5 220 0 -160 -10 180 215 -10 -175 -5 0
-6 0 -2 0 -5 0 -40 -50 -45 210 110 205 -75 45 115 -125 285 135 -5 -200 10 5 220 0 -160 -10 180 215 -10 -175 -5 0
-6 0 -2 0 -5 0 -40 -50 -45 210 110 165 -70 65 115 -125 285 135 -5 -200 0 5 220 0 -160 -10 180 215 -10 -175 -5 0
-6 0 -2 0 -5 0 -40 -50 -45 210 110 165 -70 65 115 -125 285 135 -5 -200 -5 5 220 5 -160 -10 180 215 -10 -175 -5 0
*-5 1 -2 0 -5 0 -35 -35 -45 210 110 165 -70 65 115 -125 285 135 -5 -200 15 5 220 5 -160 -10 180 215 -10 -175 -5 0
-5 1 -2 0 -20 0 -35 -5 -15 210 110 165 -70 65 115 -125 285 135 -5 -200 0 5 220 5 -190 -10 180 185 -10 -175 -5 0
-5 1 -2 0 -25 0 -35 -5 -15 210 110 165 -70 65 115 -125 285 135 25 -200 0 40 220 5 -190 -10 180 185 -10 -175 -5 0
-4 0 -2 0 -25 0 -55 5 -15 205 110 165 -70 15 115 -125 300 160 10 -200 0 0 220 5 -170 -10 180 210 -10 -175 -5 0
*-4 0 -2 0 -25 0 -55 5 -15 205 110 165 -5 15 120 -125 275 245 10 -200 0 0 220 5 -95 -10 180 315 -10 -175 -15 5
-4 0 -2 0 -30 0 -55 5 -15 205 110 165 0 15 120 -125 275 245 10 -200 0 0 220 5 -65 -10 180 335 -10 -175 -15 -40
-4 0 -2 0 -20 0 -55 5 -15 205 110 165 0 15 120 -125 275 245 10 -200 0 0 220 5 -90 -10 180 335 -10 -175 -15 -40
-4 0 -2 0 -20 0 -55 5 -15 205 110 165 0 15 120 -125 275 245 10 -200 0 0 220 5 -140 -10 180 260 -10 -175 -15 0
*-5 0 -2 0 -20 0 -30 5 -15 205 110 165 0 15 120 -125 275 245 0 -200 0 0 220 5 -205 -10 180 180 -10 -175 -15 0
-6 0 2 0 -20 0 -5 5 -15 205 110 165 0 15 120 -125 275 245 15 -200 0 0 220 5 -180 -10 185 180 -10 -175 -15 -20
-6 0 2 0 -20 0 -5 5 -15 205 110 165 -5 15 65 -125 10 245 30 -200 0 0 220 5 -180 -10 185 180 -10 -175 -30 -10
-8 0 2 0 -5 0 -5 5 -15 205 110 165 -30 95 65 -195 65 245 155 20 200 0 220 5 -180 -10 170 180 -10 -175 -5 -10
*-11 0 2 0 -5 0 -5 5 -15 205 110 165 -25 80 75 -195 60 225 175 20 185 0 220 5 -180 -10 170 180 -10 -175 -5 -10
-11 0 2 0 -5 0 -5 20 -55 205 55 165 -45 70 75 -190 80 225 175 20 185 0 220 5 -180 -10 170 180 -10 -175 -5 -10
-11 0 2 0 -5 0 -5 -25 -55 205 10 165 -30 85 75 -190 80 225 175 20 190 0 220 5 -180 10 180 180 -10 -175 -5 -10
-11 0 2 0 -5 0 -45 -90 -55 175 30 235 -30 85 75 -190 80 225 175 20 190 0 220 5 -180 10 180 180 -10 -175 -5 -10
*-11 0 1 0 -5 0 -5 -90 -55 175 35 235 -30 60 75 -180 125 230 170 20 220 0 220 5 -180 10 150 180 -10 -200 -20 5
-11 0 1 0 -15 0 15 -115 -55 180 35 235 -15 60 75 -165 150 230 170 20 220 0 220 5 -180 10 150 180 -10 -200 -20 5
-11 1 1 0 -25 0 15 -115 -55 180 35 235 -15 60 75 -165 150 230 170 20 195 0 220 5 -180 10 160 180 -10 -185 -20 5
-11 1 1 0 -45 0 15 -105 -55 180 35 235 -15 60 75 -165 150 230 170 20 195 0 220 5 -180 10 160 180 -10 -185 -20 5
*-11 1 1 0 -85 0 15 -75 -55 180 35 235 -50 80 75 -145 150 265 170 20 195 0 220 5 -180 10 160 180 -10 -185 5 5
-11 1 1 0 -110 0 15 -75 -55 180 35 235 -50 80 75 -145 150 265 170 20 195 0 220 5 -180 10 160 180 -10 -185 5 5
-11 1 1 0 -130 0 15 -75 -55 180 35 235 -50 80 75 -145 150 265 170 20 195 0 220 5 -180 10 160 180 -10 -185 5 5
-11 1 1 0 -145 0 15 -75 -55 180 35 235 -50 80 75 -145 150 265 170 20 195 0 220 5 -180 10 160 180 -10 -185 5 5
*-11 1 1 0 -175 0 15 -75 -55 180 35 235 -50 80 75 -145 150 265 170 20 195 0 220 5 -180 10 160 180 -10 -185 5 5
-11 1 1 0 -195 0 15 -75 -55 180 35 235 -50 80 75 -145 150 265 170 20 195 0 220 5 -180 10 160 180 -10 -185 5 5
-11 1 1 0 -215 0 -15 -85 -55 180 35 235 -50 80 75 -145 150 265 170 20 195 0 220 5 -180 10 160 180 -10 -185 5 5
-11 1 1 0 -235 0 -15 -85 -55 180 35 235 -50 80 75 -145 150 265 170 20 195 0 220 5 -180 10 160 180 -10 -185 5 5
*-11 1 1 0 -265 0 -30 -80 -55 180 45 235 -50 80 75 -145 150 265 170 20 195 0 220 5 -180 10 160 180 -10 -185 5 5
-11 1 1 0 -295 0 10 -80 -55 180 45 235 -90 105 125 -80 230 250 170 20 195 0 220 5 -180 10 160 180 -10 -185 5 5
-11 1 1 0 -315 0 125 -80 -55 165 95 270 -90 105 125 -80 230 250 170 20 195 0 220 5 -180 10 160 180 -10 -185 5 5
-11 1 1 0 -345 0 125 -80 -55 165 95 270 -65 85 125 -80 230 250 170 20 195 0 220 5 -180 10 160 180 -10 -185 5 5
*-11 1 1 0 -355 0 120 -90 -55 95 90 270 50 85 125 -115 265 250 170 20 190 0 220 5 -180 10 175 180 -10 -185 5 5
-11 1 2 0 -20 0 120 -90 -55 95 90 270 50 85 125 -115 265 250 170 90 190 5 265 5 -180 15 165 180 -10 -185 5 5
-11 1 2 0 -40 0 120 -90 -55 95 90 270 50 85 125 -115 265 250 170 90 190 5 265 5 -180 15 165 180 -10 -185 5 5
-11 1 2 0 -55 0 120 -90 -55 95 90 270 50 85 125 -115 265 250 170 90 190 5 265 5 -180 15 165 180 -10 -185 5 5
*-11 1 2 0 -85 0 120 -90 -55 95 90 270 50 85 125 -115 265 250 170 90 190 5 265 5 -180 15 165 180 -10 -185 5 5
-11 1 2 0 -120 0 120 -90 -55 95 90 270 80 35 105 -115 270 250 170 90 190 5 265 5 -180 15 165 180 -10 -185 5 5
-11 1 2 0 -130 0 125 -90 -55 95 90 270 80 10 95 -105 270 250 170 90 190 5 265 5 -170 15 165 180 -10 -185 5 15
-11 1 2 0 -145 0 125 -90 -55 95 90 270 80 10 95 -105 270 250 170 90 190 5 265 5 -170 15 165 180 -10 -185 5 15
*-11 1 2 0 -175 0 125 -90 -55 95 90 270 80 10 95 -105 270 250 170 90 190 5 265 5 -170 15 180 180 -10 -185 5 15
-11 1 2 0 -200 0 125 -90 -55 95 90 270 85 10 30 -105 310 250 170 90 190 5 265 5 -150 15 185 200 -10 -185 5 15
-11 1 2 0 -215 0 125 -90 -55 95 90 270 80 25 -20 -105 350 250 170 90 190 5 265 5 -115 15 185 245 -10 -185 -5 -60
-11 1 2 0 -245 0 125 -90 -55 95 90 270 115 25 -20 -105 320 250 170 90 190 5 265 5 -85 15 185 245 -10 -185 -5 -60
*-11 1 2 0 -265 0 125 -90 -55 95 90 270 115 45 70 -105 270 250 170 90 190 5 265 5 -35 -5 145 180 -10 -185 -5 -60
-11 1 2 0 -295 0 125 -90 -55 95 90 270 120 0 70 -105 270 240 170 90 190 5 265 5 -55 -5 170 250 -10 -185 -5 -30
-11 1 2 0 -315 0 125 -90 -55 95 90 270 120 0 70 -105 270 240 170 90 190 5 265 5 -130 -5 170 215 -10 -185 -10 -10
-11 1 2 0 -330 0 125 -90 -55 95 90 270 120 0 70 -105 270 240 170 90 190 5 270 5 -190 -5 170 180 -10 -185 -5 5
*-11 1 2 0 -355 0 125 -90 -55 95 90 270 120 0 70 -105 270 240 170 90 190 5 270 5 -180 15 175 180 -10 -185 -5 5
-11 1 2 0 -40 0 125 -90 -55 95 90 270 120 45 70 -105 270 240 170 90 190 5 270 5 -205 15 175 180 -10 -185 -5 5
-11 1 2 0 -55 0 125 -90 -55 95 90 270 120 45 70 -105 270 240 170 90 190 5 270 5 -205 15 175 180 -10 -185 -5 5
-12 1 2 0 -65 0 125 -90 -55 95 90 270 120 45 70 -105 270 240 170 90 190 5 270 5 -205 15 175 180 -10 -185 -5 5
*-12 1 2 0 -85 0 125 -100 -55 90 90 270 140 100 40 -115 270 240 170 90 190 5 270 5 -205 15 175 180 -10 -185 -5 -45
-13 1 2 0 -85 0 125 -100 -55 90 90 270 140 100 40 -115 270 240 170 90 190 5 265 5 -195 15 175 180 -10 -185 -15 -25
-14 1 2 0 -85 0 125 -100 -55 90 90 270 140 100 40 -115 270 240 170 90 190 5 265 5 -180 15 175 180 -10 -185 -5 -25
-15 1 2 0 -85 0 125 -100 -55 90 90 270 140 100 40 -115 270 240 175 90 190 5 265 5 -185 15 175 180 -10 -185 -30 -25
*-16 1 1 0 -85 0 125 -100 -55 90 90 270 140 100 40 -115 270 240 175 90 205 5 265 5 -190 15 175 180 -10 -185 -45 -10
-16 0 1 0 -85 0 125 -100 -55 90 90 270 140 100 40 -115 270 240 170 90 205 -75 310 -70 -175 15 175 200 -10 -185 -5 -10
-16 -1 1 0 -85 0 130 -80 -50 125 90 270 140 80 40 -115 275 215 195 90 205 -75 340 -70 -140 15 175 265 -10 -185 20 -25
-16 0 1 0 -85 0 130 -80 -50 125 90 270 140 80 40 -115 275 215 165 90 205 -85 285 -90 -165 15 175 200 -10 -185 -5 -5
*-16 1 1 0 -85 0 130 -80 -50 125 90 270 140 80 40 -115 275 215 150 90 205 -85 265 -90 -180 15 175 185 0 -185 -5 -5
-16 1 1 0 -85 0 130 -85 -50 125 90 245 140 80 40 -115 275 230 150 90 205 -85 265 -90 -180 15 175 185 0 -185 -20 -35
-16 1 1 0 -85 0 130 -85 -50 125 90 245 140 80 40 -115 275 230 150 90 205 -85 265 -90 -180 15 175 185 0 -185 -20 -35
-16 1 1 0 -85 0 130 -85 -50 125 90 245 140 80 40 -115 275 230 150 90 205 -85 265 -90 -180 15 175 185 0 -185 -20 -35
*-16 0 1 0 -85 0 130 -85 -50 125 90 245 140 80 40 -115 275 230 165 90 205 -60 290 -65 -165 15 175 215 0 -185 -5 -15
-16 -1 1 0 -85 0 130 -75 -50 150 90 245 140 70 40 -90 275 230 190 90 205 -60 345 -65 -135 15 175 255 0 -185 20 10
-16 0 1 0 -85 0 130 -75 -50 150 90 245 140 70 40 -90 275 230 160 90 205 -60 295 -65 -160 15 175 220 0 -185 20 10
-16 1 1 0 -85 0 130 -75 -50 150 90 245 140 70 40 -90 275 230 145 90 205 -60 260 -65 -180 15 175 185 0 -185 0 10
*-16 1 1 0 -85 0 130 -80 -40 150 90 225 140 80 30 -90 275 255 145 90 205 -60 260 -65 -180 15 175 185 0 -185 0 10
-16 1 1 0 -85 0 95 -80 -40 150 90 225 110 65 30 -90 275 255 145 90 205 -60 260 -65 -180 15 175 185 0 -185 0 10
-16 1 1 0 -85 0 50 -80 -40 150 90 225 55 65 30 -90 275 255 145 90 205 -60 260 -65 -180 15 175 185 0 -185 0 10
-16 1 1 0 -75 0 15 -90 -40 150 90 225 20 40 30 -90 275 255 10 10 340 -5 0 5 -180 10 160 185 0 -185 0 10
*-16 0 1 -60 -40 -70 0 -105 -65 150 90 225 10 45 55 -90 275 255 45 -45 340 -5 0 5 -125 10 130 185 0 -185 -40 -30
-16 -2 1 -60 -20 -70 -15 -105 -65 150 90 225 -5 45 55 -90 275 255 70 -45 340 -5 0 5 -115 10 130 185 0 -185 -40 -25
-16 -4 1 -75 10 -70 0 -100 -65 150 90 225 15 80 55 -90 275 255 105 -45 340 -5 0 5 -80 10 130 185 0 -185 -40 -25
-16 -4 1 -105 5 -80 10 -120 -55 150 90 225 5 120 55 -90 275 255 75 -45 320 -5 45 5 -80 10 155 185 0 -185 0 -55
*-16 -4 1 -100 5 -80 10 -120 -55 150 90 225 5 120 55 -90 275 255 75 -45 320 -5 45 5 -80 10 155 185 0 -185 0 -55
-16 -2 1 -100 -35 -80 0 -125 -55 150 90 225 25 150 55 -90 275 255 50 -20 320 -5 45 5 -120 10 155 185 0 -185 0 -55
-16 -1 1 -100 -55 -90 0 -125 -55 150 90 225 25 150 55 -90 275 255 20 -15 320 -5 45 5 -115 25 155 185 0 -185 -5 -40
-16 -1 1 -100 -55 -90 55 -105 -55 150 90 225 65 125 45 -90 275 255 20 -15 320 -5 45 5 -115 25 155 185 0 -185 -5 -40
*-16 -1 1 -90 -75 -90 45 -90 -55 150 95 225 55 90 45 -90 275 255 10 -15 320 -5 20 5 -160 -15 155 185 0 -185 -10 0
-15 0 1 -90 -90 -90 20 -60 -60 150 95 225 45 70 45 -90 275 255 -5 -15 335 -5 20 5 -185 -15 155 185 0 -185 -10 0
-14 0 1 -90 -95 -90 30 0 -60 150 95 225 20 60 45 -90 275 255 -15 -15 335 -5 20 5 -195 -15 155 185 0 -185 -10 0
-13 0 1 -95 -100 -100 -5 0 -60 165 160 295 0 15 45 -90 10 255 -25 -15 355 -5 20 5 -205 -15 155 185 0 -185 -5 5
*-13 0 1 10 -75 5 -5 0 -45 165 160 290 0 15 45 -90 10 255 -5 -15 -10 -5 20 5 -195 -15 155 185 0 -185 -5 5
-13 0 1 10 -65 5 -5 0 -45 165 160 290 0 15 45 -90 10 255 5 0 -10 -5 20 5 -200 -10 155 185 0 -185 -5 5
-13 0 1 10 -60 5 -5 0 -45 165 160 290 0 15 45 -90 10 255 5 30 -20 -5 20 5 -200 -10 155 185 0 -185 -5 5
-13 0 1 10 -55 5 -5 0 -45 165 160 290 0 15 45 -90 10 255 5 30 -25 -5 20 5 -200 -10 155 185 0 -185 -5 5
*-13 0 1 10 -50 5 -5 0 -45 165 160 290 0 15 45 -90 10 255 5 30 -25 -5 20 5 -200 -10 155 185 0 -185 -5 5
-13 0 1 10 -60 5 -5 0 -45 165 160 290 10 15 45 -90 -25 255 5 30 -25 -5 20 5 -200 -10 155 185 0 -185 -5 5
-14 0 1 10 -60 5 40 0 -45 165 160 290 10 15 45 -90 -25 255 5 30 -10 -5 20 5 -200 -10 155 185 0 -185 -5 5
-16 0 1 0 -25 0 145 0 -45 290 145 305 -10 30 45 -100 -55 255 0 30 -20 -5 20 5 -170 -5 170 185 0 -185 -5 5
*-17 1 1 0 0 0 190 0 -45 75 90 290 -15 10 15 -95 -105 255 -15 -25 -20 -5 20 5 -185 -5 155 185 0 -185 0 -35
-17 1 1 0 10 0 190 0 -45 75 90 290 -15 10 15 -95 -105 255 -15 -25 -20 -5 20 5 -185 -5 155 185 0 -185 0 -35
-17 1 1 0 -45 0 185 55 -75 10 90 290 25 10 15 -95 -105 255 -15 -25 -20 -5 20 5 -185 -5 165 185 0 -185 0 -15
-16 1 0 0 -65 0 165 80 -75 10 90 290 5 10 80 -95 -95 235 -20 20 -20 -5 20 5 -190 0 165 175 0 -185 -10 0
*-14 1 0 0 -95 0 210 80 -75 -15 90 290 5 10 80 -95 -95 235 -20 20 -20 -5 20 5 -190 0 175 175 0 -185 -10 0
-13 1 -1 0 -125 0 210 80 -75 -15 90 290 5 10 80 -95 -95 235 -20 20 -5 -5 20 5 -190 0 175 175 0 -185 -10 0
-11 1 -1 0 -150 0 210 80 -75 55 100 275 5 10 80 -95 -95 235 0 20 -5 -5 20 5 -195 10 180 175 0 -185 5 0
-10 1 -1 0 -175 0 185 80 -75 55 100 275 10 35 80 -95 -95 235 -5 20 -5 -5 20 5 -195 10 160 175 0 -185 5 0
*-8 1 0 0 -225 0 160 80 -75 55 100 275 5 35 80 -95 -95 235 -5 20 -5 -5 20 5 -195 10 160 175 0 -185 5 0
-8 1 1 0 -245 0 150 80 -75 55 100 275 5 35 80 -95 -95 235 10 20 -5 -30 20 5 -170 10 160 175 0 -185 5 -15
-8 1 1 0 -250 0 150 80 -75 55 100 275 5 35 80 -95 -95 235 10 20 -5 -30 20 5 -170 10 160 175 0 -185 5 -15
-8 1 1 0 -255 0 150 80 -75 55 100 275 -5 50 80 -95 -95 235 10 20 -5 -30 20 5 -170 10 160 175 0 -185 5 -15
*-8 1 1 0 -260 0 150 80 -75 55 100 275 -5 55 80 -95 -95 235 10 20 -5 -30 20 5 -170 10 160 175 0 -185 5 -15
-7 1 1 0 -270 0 155 80 -75 55 100 250 0 55 80 -95 -95 200 25 20 -5 -30 20 5 -180 10 170 175 0 -185 -10 5
-6 1 0 0 -270 0 155 80 -75 55 100 250 0 55 80 -95 -95 200 10 20 -5 -10 20 5 -200 10 170 175 0 -185 -10 5
-5 1 0 0 -270 0 155 80 -75 55 100 250 0 55 80 -95 -95 200 25 20 -5 -10 20 5 -185 10 170 175 0 -185 -30 5
*-5 1 0 0 -240 0 155 80 -75 55 100 250 0 55 80 -95 -95 200 65 20 -5 -85 20 5 -185 10 170 175 0 -185 -30 5
-3 1 0 0 -165 0 155 80 -75 55 100 250 0 55 80 -95 -95 200 80 20 -5 -85 20 5 -185 10 180 175 0 -185 -30 5
-1 1 0 0 -20 0 155 80 -75 55 100 250 0 55 80 -95 -95 200 10 20 -5 -20 20 5 -195 10 180 175 0 -185 -5 5
0 0 0 0 15 5 130 70 -75 55 100 250 -45 55 80 -150 -150 225 0 5 -10 0 -5 5 -190 5 160 175 0 -185 -5 -25
*0 0 0 0 0 0 70 45 -40 0 -5 30 80 0 -10 0 0 -45 0 0 0 0 0 0 0 0 30 0 0 0 0 -60
0 0 0 0 0 0 70 20 -10 0 -5 30 60 0 0 0 0 -45 0 0 0 0 0 0 0 0 25 0 0 0 0 -20
0 0 0 0 0 0 55 20 0 0 -5 30 50 10 -10 0 0 -45 0 0 0 0 0 0 0 0 20 0 0 0 0 -5
0 0 0 0 0 0 40 20 5 0 -5 30 35 10 -10 0 0 -45 0 0 0 0 0 0 0 0 15 0 0 0 0 -5
*0 0 0 0 0 0 15 20 20 0 -5 30 25 10 -15 0 0 -45 0 0 0 0 0 0 0 0 10 0 0 0 0 -5
0 0 0 0 0 0 15 20 25 0 -5 30 25 10 -20 0 0 -45 0 0 0 0 0 0 0 0 5 0 0 0 0 -5
0 0 0 0 0 0 15 20 30 0 -5 30 25 10 -25 0 0 -45 0 0 5 0 0 0 0 0 5 0 0 0 0 -5
0 0 0 0 0 0 20 20 30 0 -5 30 30 10 -25 0 0 -45 0 0 5 0 0 0 0 0 5 0 0 0 0 -5
*0 0 0 0 0 0 35 20 30 0 -5 30 55 10 -25 0 0 -45 0 0 5 0 0 0 0 0 5 0 0 0 0 -5
0 0 0 0 0 0 65 20 15 0 -5 30 80 10 -15 0 0 -45 0 0 5 0 0 0 0 0 5 0 0 0 0 -5
0 0 0 0 0 0 85 20 -10 0 -5 30 90 10 -5 0 0 -45 0 0 5 0 0 0 0 0 5 0 0 0 0 -5
0 0 0 0 0 0 85 20 -40 0 -5 30 80 10 20 0 0 -45 0 0 5 0 0 0 0 0 5 0 0 0 0 -5
*0 0 0 0 0 0 85 20 -40 20 20 15 70 10 25 25 -10 -15 0 0 5 0 0 0 0 0 5 0 0 0 0 -5
0 0 0 0 0 0 85 20 -55 20 20 15 70 10 40 25 -10 -15 0 0 5 0 0 0 0 0 5 0 0 0 0 -5
0 0 0 0 0 0 85 20 -65 20 20 15 60 10 50 25 -10 -15 0 0 5 0 0 0 0 0 5 0 0 0 0 -5
0 0 0 0 0 0 85 20 -65 20 20 15 60 10 50 25 -10 -15 0 0 5 0 0 0 0 0 5 0 0 0 0 -5
*0 0 0 0 0 0 85 20 -65 20 20 15 60 10 50 25 -10 -15 0 0 5 0 0 0 0 0 5 0 0 0 0 -5
0 0 0 -5 0 0 50 20 -65 20 20 15 20 10 50 25 -10 -15 5 0 5 0 0 0 5 0 5 0 0 0 0 -5
0 0 0 -15 0 0 10 20 -65 20 20 55 20 45 50 25 -10 -15 15 0 5 0 0 0 15 0 5 0 0 0 0 -5
0 0 0 -25 0 0 -25 20 -50 20 20 65 15 60 50 45 -10 -15 25 0 5 0 0 0 25 0 5 0 0 0 0 -5
*0 0 0 -40 0 0 -35 20 -30 20 20 65 10 80 50 55 -10 -15 40 0 5 0 0 0 40 0 5 0 0 0 0 -5
0 -1 0 -50 0 0 -45 0 -10 20 20 65 10 80 50 55 -10 -15 50 0 5 0 0 0 50 0 5 0 0 0 0 -5
0 -1 -1 -55 0 0 -45 0 -10 20 20 65 10 80 50 55 -10 -15 55 0 5 0 0 0 55 0 5 0 0 0 0 -5
0 -1 -1 -60 0 0 -45 0 -10 20 20 65 10 80 50 55 -10 -15 60 0 5 0 0 0 60 0 5 0 0 0 0 -5
*0 -1 -2 -65 0 0 -45 0 -10 20 20 65 10 80 50 55 -10 -15 65 0 5 0 0 0 65 0 5 0 0 0 0 -5
0 -2 -2 -70 0 0 -45 0 -10 20 20 65 10 80 50 55 -10 -15 70 0 5 0 0 0 70 0 5 0 0 0 0 -5
0 -2 -2 -75 0 0 -45 0 -10 20 20 65 10 80 50 55 -10 -15 75 0 5 0 0 0 75 0 5 0 0 0 0 -5
0 -2 -3 -75 0 0 -45 0 -10 20 20 65 10 80 50 55 -10 -15 75 0 5 0 0 0 75 0 5 0 0 0 0 -5
*0 -2 -3 -75 0 0 -45 0 -10 20 20 65 10 80 50 55 -10 -15 75 0 5 0 0 0 75 0 5 0 0 0 0 -5
0 -3 -3 -75 0 0 -45 0 -10 20 20 65 10 80 50 55 -10 -15 75 0 5 0 0 0 75 0 5 0 0 0 0 -5
0 -3 -4 -75 0 0 -45 0 -10 20 20 65 10 80 50 55 -10 -15 75 0 5 0 0 0 75 0 5 0 0 0 0 -5
0 -3 -4 -75 0 0 -45 0 -10 20 20 65 10 80 50 55 -10 -15 75 0 5 0 0 0 75 0 5 0 0 0 0 -5
*0 -3 -4 -75 0 0 -45 0 -10 20 20 65 10 80 50 55 -10 -15 75 0 5 0 0 0 75 0 5 0 0 0 0 -5
0 -3 -4 -75 0 0 -45 0 -10 20 20 65 10 80 50 55 -10 -15 75 0 5 0 0 0 75 0 5 0 0 0 0 -5
0 -3 -4 -75 0 0 -45 0 -10 20 20 65 10 80 50 55 -10 -15 75 0 5 0 0 0 75 0 5 0 0 0 0 -5
0 -3 -3 -75 0 0 -45 0 -10 20 20 65 10 80 50 55 -10 -15 75 0 5 0 0 0 75 0 5 0 0 0 0 -5
*0 -2 -3 -75 0 0 -45 0 -10 20 20 65 10 80 50 55 -10 -15 75 0 5 0 0 0 75 0 5 0 0 0 0 -5
0 -2 -3 -75 0 0 -45 0 -10 20 20 65 10 80 50 55 -10 -15 75 0 5 0 0 0 75 0 5 0 0 0 0 -5
0 -2 -2 -75 0 0 -45 0 -10 20 20 65 10 80 50 55 -10 -15 75 0 5 0 0 0 75 0 5 0 0 0 0 -5
0 -2 -2 -70 0 0 -45 0 -10 20 20 65 10 80 50 55 -10 -15 70 0 5 0 0 0 70 0 5 0 0 0 0 -5
*0 -1 -2 -65 0 0 -45 0 -10 20 20 65 10 80 50 55 -10 -15 65 0 5 0 0 0 65 0 5 0 0 0 0 -5
0 -1 -1 -60 0 0 -45 0 -10 20 20 65 10 80 50 55 -10 -15 60 0 5 0 0 0 60 0 5 0 0 0 0 -5
0 -1 -1 -55 0 0 -45 0 -10 20 20 65 10 80 50 55 -10 -15 55 0 5 0 0 0 55 0 5 0 0 0 0 -5
0 -1 0 -50 0 0 -45 0 -10 20 20 65 10 80 50 55 -10 -15 50 0 5 0 0 0 50 0 5 0 0 0 0 -5
*0 0 0 -40 0 0 -35 20 -30 20 20 65 10 80 50 55 -10 -15 40 0 5 0 0 0 40 0 5 0 0 0 0 -5
0 0 0 -25 0 0 -25 20 -50 20 20 65 15 60 50 45 -10 -15 25 0 5 0 0 0 25 0 5 0 0 0 0 -5
0 0 0 -15 0 0 10 20 -65 20 20 55 20 45 50 25 -10 -15 15 0 5 0 0 0 15 0 5 0 0 0 0 -5
0 0 0 -5 0 0 50 20 -65 20 20 15 20 10 50 25 -10 -15 5 0 5 0 0 0 5 0 5 0 0 0 0 -5
*0 0 0 0 0 0 85 20 -65 20 20 15 60 10 50 25 -10 -15 0 0 5 0 0 0 0 0 5 0 0 0 0 -5
0 0 0 0 0 0 85 20 -65 20 20 15 60 10 50 25 -10 -15 0 0 5 0 0 0 0 0 5 0 0 0 0 -5
0 0 0 0 0 0 85 20 -65 20 20 15 60 10 50 25 -10 -15 0 0 5 0 0 0 0 0 5 0 0 0 0 -5
0 0 0 0 0 0 85 20 -65 20 20 15 60 10 50 25 -10 -15 0 0 5 0 0 0 0 0 5 0 0 0 0 -5
*0 0 0 0 0 0 85 20 -65 20 20 15 60 10 50 25 -10 -15 0 0 5 0 0 0 0 0 5 0 0 0 0 -5
0 0 0 0 0 0 85 20 -65 20 20 15 60 10 50 25 -10 -15 0 0 5 0 0 0 0 0 5 0 0 0 0 -5
0 0 0 0 0 0 85 20 -65 20 20 15 60 10 50 25 -10 -15 0 0 5 0 0 0 0 0 5 0 0 0 0 -5
0 0 0 0 0 0 85 20 -65 20 20 15 60 10 50 25 -10 -15 0 0 5 0 0 0 0 0 5 0 0 0 0 -5
*0 0 0 0 0 0 85 20 -65 20 20 15 60 10 50 25 -10 -15 0 0 5 0 0 0 0 0 5 0 0 0 0 -5
0 0 0 0 0 0 50 20 -65 20 20 15 25 10 50 25 -10 -15 0 0 5 0 0 0 0 0 5 0 0 0 -5 0
0 0 0 0 0 0 25 20 -35 20 20 15 0 10 35 25 -10 -15 0 0 5 0 0 0 0 0 5 0 0 0 -5 0
0 0 0 0 0 0 -10 20 -10 20 20 15 -15 10 20 25 -10 -15 0 0 5 0 0 0 0 0 5 0 0 0 -5 0
*0 0 0 0 0 0 -5 20 -10 5 20 15 5 10 20 -5 -10 -5 0 0 5 0 0 0 0 0 5 0 0 0 -5 0
0 0 0 0 0 0 0 20 0 5 5 5 0 10 5 -5 -10 -5 0 0 5 0 0 0 0 0 5 0 0 0 -5 0
0 0 0 0 0 0 0 0 0 0 0 0 0 0 0 0 0 0 0 0 0 0 0 0 0 0 0 0 0 0 0 0
0 0 0 0 0 0 0 0 0 0 0 0 0 0 0 0 0 0 0 0 0 0 0 0 0 0 0 0 0 0 0 0
*0 0 0 0 0 0 0 0 0 0 0 0 0 0 0 0 0 0 0 0 0 0 0 0 0 0 0 0 0 0 0 0
0 0 0 0 0 0 0 0 0 0 0 0 0 0 0 0 0 0 0 0 0 0 0 0 0 0 0 0 0 0 0 0
0 0 0 0 0 0 0 0 0 0 0 0 0 0 0 0 0 0 0 0 0 0 0 0 0 0 0 0 0 0 0 0
0 0 0 0 0 0 0 0 0 0 0 0 0 0 0 0 0 0 0 0 0 0 0 0 0 0 0 0 0 0 0 0
0 0 0 0 0 0 0 0 0 0 0 0 0 0 0 0 0 0 0 0 0 0 0 0 0 0 0 0 0 0 0 0
0 0 0 0 0 0 0 0 0 0 0 0 0 0 0 0 0 0 0 0 0 0 0 0 0 0 0 0 0 0 0 0
0 0 0 0 0 0 0 0 0 0 0 0 0 0 0 0 0 0 0 0 0 0 0 0 0 0 0 0 0 0 0 0
0 0 0 0 0 0 0 0 0 0 0 0 0 0 0 0 0 0 0 0 0 0 0 0 0 0 0 0 0 0 0 0
0 0 0 0 0 0 0 0 0 0 0 0 0 0 0 0 0 0 0 0 0 0 0 0 0 0 0 0 0 0 0 0
0 0 0 0 0 0 0 0 0 0 0 0 0 0 0 0 0 0 0 0 0 0 0 0 0 0 0 0 0 0 0 0
0 0 0 0 0 0 0 0 0 0 0 0 0 0 0 0 0 0 0 0 0 0 0 0 0 0 0 0 0 0 0 0
0 0 0 0 0 0 0 0 0 0 0 0 0 0 0 0 0 0 0 0 0 0 0 0 0 0 0 0 0 0 0 0
0 0 0 0 0 0 0 0 0 0 0 0 0 0 0 0 0 0 0 0 0 0 0 0 0 0 0 0 0 0 0 0
0 0 0 0 0 0 0 0 0 0 0 0 0 0 0 0 0 0 0 0 0 0 0 0 0 0 0 0 0 0 0 0
0 0 0 0 0 0 0 0 0 0 0 0 0 0 0 0 0 0 0 0 0 0 0 0 0 0 0 0 0 0 0 0
0 0 0 0 0 0 0 0 0 0 0 0 0 0 0 0 0 0 0 0 0 0 0 0 0 0 0 0 0 0 0 0
0 0 0 0 0 0 0 0 0 0 0 0 0 0 0 0 0 0 0 0 0 0 0 0 0 0 0 0 0 0 0 0
0 0 0 0 0 0 0 0 0 0 0 0 0 0 0 0 0 0 0 0 0 0 0 0 0 0 0 0 0 0 0 0
0 0 0 0 0 0 0 0 0 0 0 0 0 0 0 0 0 0 0 0 0 0 0 0 0 0 0 0 0 0 0 0
0 0 0 0 0 0 0 0 0 0 0 0 0 0 0 0 0 0 0 0 0 0 0 0 0 0 0 0 0 0 0 0
0 0 0 0 0 0 0 0 0 0 0 0 0 0 0 0 0 0 0 0 0 0 0 0 0 0 0 0 0 0 0 0
0 0 0 0 0 0 0 0 0 0 0 0 0 0 0 0 0 0 0 0 0 0 0 0 0 0 0 0 0 0 0 0
0 0 0 0 0 0 0 0 0 0 0 0 0 0 0 0 0 0 0 0 0 0 0 0 0 0 0 0 0 0 0 0
0 0 0 0 0 0 0 0 0 0 0 0 0 0 0 0 0 0 0 0 0 0 0 0 0 0 0 0 0 0 0 0
0 0 0 0 0 0 0 0 0 0 0 0 0 0 0 0 0 0 0 0 0 0 0 0 0 0 0 0 0 0 0 0
0 0 0 0 0 0 0 0 0 0 0 0 0 0 0 0 0 0 0 0 0 0 0 0 0 0 0 0 0 0 0 0
0 0 0 0 0 0 0 0 0 0 0 0 0 0 0 0 0 0 0 0 0 0 0 0 0 0 0 0 0 0 0 0
0 0 0 0 0 0 0 0 0 0 0 0 0 0 0 0 0 0 0 0 0 0 0 0 0 0 0 0 0 0 0 0
0 -1 0 0 0 0 55 0 0 30 0 0 60 0 0 25 0 0 65 0 0 -75 0 0 60 0 0 -70 0 0 0 0
0 0 0 0 0 0 55 0 0 30 0 0 60 0 0 25 0 0 0 0 0 0 0 0 5 0 0 -5 0 0 0 0
0 -1 0 0 0 0 55 0 0 30 0 0 60 0 0 25 0 0 65 0 0 -75 0 0 60 0 0 -70 0 0 0 0
0 0 0 0 0 0 55 0 0 30 0 0 60 0 0 25 0 0 0 0 0 0 0 0 5 0 0 -5 0 0 0 0
0 -1 0 0 0 0 55 0 0 30 0 0 60 0 0 25 0 0 65 0 0 -75 0 0 60 0 0 -70 0 0 0 0
0 0 0 0 0 0 55 0 0 30 0 0 60 0 0 25 0 0 0 0 0 0 0 0 5 0 0 -5 0 0 0 0
0 -1 0 0 0 0 55 0 0 30 0 0 60 0 0 25 0 0 65 0 0 -75 0 0 60 0 0 -70 0 0 0 0
0 0 0 0 0 0 55 0 0 30 0 0 60 0 0 25 0 0 0 0 0 0 0 0 5 0 0 -5 0 0 0 0
0 -1 0 0 0 0 55 0 0 30 0 0 60 0 0 25 0 0 65 0 0 -75 0 0 60 0 0 -70 0 0 0 0
0 0 0 0 0 0 55 0 0 30 0 0 60 0 0 25 0 0 0 0 0 0 0 0 5 0 0 -5 0 0 0 0
0 -1 0 0 0 0 55 0 0 30 0 0 60 0 0 25 0 0 65 0 0 -75 0 0 60 0 0 -70 0 0 0 0
0 0 0 0 0 0 55 0 0 30 0 0 60 0 0 25 0 0 0 0 0 0 0 0 5 0 0 -5 0 0 0 0
0 -1 0 0 0 0 55 0 0 30 0 0 60 0 0 25 0 0 65 0 0 -75 0 0 60 0 0 -70 0 0 0 0
0 0 0 0 0 0 55 0 0 30 0 0 60 0 0 25 0 0 0 0 0 0 0 0 5 0 0 -5 0 0 0 0
0 -1 0 0 0 0 55 0 0 30 0 0 60 0 0 25 0 0 65 0 0 -75 0 0 60 0 0 -70 0 0 0 0
0 0 0 0 0 0 55 0 0 30 0 0 60 0 0 25 0 0 0 0 0 0 0 0 5 0 0 -5 0 0 0 0
0 -1 0 0 0 0 55 0 0 30 0 0 60 0 0 25 0 0 65 0 0 -75 0 0 60 0 0 -70 0 0 0 0
0 0 0 0 0 0 55 0 0 30 0 0 60 0 0 25 0 0 0 0 0 0 0 0 5 0 0 -5 0 0 0 0
0 -1 0 0 0 0 55 0 0 30 0 0 60 0 0 25 0 0 65 0 0 -75 0 0 60 0 0 -70 0 0 0 0
0 0 0 0 0 0 55 0 0 30 0 0 60 0 0 25 0 0 0 0 0 0 0 0 5 0 0 -5 0 0 0 0
0 -1 0 0 0 0 55 0 0 30 0 0 60 0 0 25 0 0 65 0 0 -75 0 0 60 0 0 -70 0 0 0 0
0 0 0 0 0 0 55 0 0 30 0 0 60 0 0 25 0 0 0 0 0 0 0 0 5 0 0 -5 0 0 0 0
0 -1 0 0 0 0 55 0 0 30 0 0 60 0 0 25 0 0 65 0 0 -75 0 0 60 0 0 -70 0 0 0 0
0 0 0 0 0 0 55 0 0 30 0 0 60 0 0 25 0 0 0 0 0 0 0 0 5 0 0 -5 0 0 0 0
0 -1 0 0 0 0 55 0 0 30 0 0 60 0 0 25 0 0 65 0 0 -75 0 0 60 0 0 -70 0 0 0 0
0 0 0 0 0 0 55 0 0 30 0 0 60 0 0 25 0 0 0 0 0 0 0 0 5 0 0 -5 0 0 0 0
0 -1 0 0 0 0 55 0 0 30 0 0 60 0 0 25 0 0 65 0 0 -75 0 0 60 0 0 -70 0 0 0 0
0 0 0 0 0 0 55 0 0 30 0 0 60 0 0 25 0 0 0 0 0 0 0 0 5 0 0 -5 0 0 0 0
0 -1 0 0 0 0 55 0 0 30 0 0 60 0 0 25 0 0 65 0 0 -75 0 0 60 0 0 -70 0 0 0 0
0 0 0 0 0 0 55 0 0 30 0 0 60 0 0 25 0 0 0 0 0 0 0 0 5 0 0 -5 0 0 0 0
0 -1 0 0 0 0 55 0 0 30 0 0 60 0 0 25 0 0 65 0 0 -75 0 0 60 0 0 -70 0 0 0 0
0 0 0 0 0 0 55 0 0 30 0 0 60 0 0 25 0 0 0 0 0 0 0 0 5 0 0 -5 0 0 0 0
0 -1 0 0 0 0 55 0 0 30 0 0 60 0 0 25 0 0 65 0 0 -75 0 0 60 0 0 -70 0 0 0 0
0 0 0 0 0 0 55 0 0 30 0 0 60 0 0 25 0 0 0 0 0 0 0 0 5 0 0 -5 0 0 0 0
0 -1 0 0 0 0 55 0 0 30 0 0 60 0 0 25 0 0 65 0 0 -75 0 0 60 0 0 -70 0 0 0 0
0 0 0 0 0 0 55 0 0 30 0 0 60 0 0 25 0 0 0 0 0 0 0 0 5 0 0 -5 0 0 0 0
0 -1 0 0 0 0 55 0 0 30 0 0 60 0 0 25 0 0 65 0 0 -75 0 0 60 0 0 -70 0 0 0 0
0 0 0 0 0 0 55 0 0 30 0 0 60 0 0 25 0 0 0 0 0 0 0 0 5 0 0 -5 0 0 0 0
0 -1 0 0 0 0 55 0 0 30 0 0 60 0 0 25 0 0 65 0 0 -75 0 0 60 0 0 -70 0 0 0 0
0 0 0 0 0 0 55 0 0 30 0 0 60 0 0 25 0 0 0 0 0 0 0 0 5 0 0 -5 0 0 0 0
0 -1 0 0 0 0 55 0 0 30 0 0 60 0 0 25 0 0 65 0 0 -75 0 0 60 0 0 -70 0 0 0 0
0 0 0 0 0 0 55 0 0 30 0 0 60 0 0 25 0 0 0 0 0 0 0 0 5 0 0 -5 0 0 0 0
0 -1 0 0 0 0 55 0 0 30 0 0 60 0 0 25 0 0 65 0 0 -75 0 0 60 0 0 -70 0 0 0 0
0 0 0 0 0 0 55 0 0 30 0 0 60 0 0 25 0 0 0 0 0 0 0 0 5 0 0 -5 0 0 0 0
0 -1 0 0 0 0 55 0 0 30 0 0 60 0 0 25 0 0 65 0 0 -75 0 0 60 0 0 -70 0 0 0 0
0 0 0 0 0 0 55 0 0 30 0 0 60 0 0 25 0 0 0 0 0 0 0 0 5 0 0 -5 0 0 0 0
0 -1 0 0 0 0 55 0 0 30 0 0 60 0 0 25 0 0 65 0 0 -75 0 0 60 0 0 -70 0 0 0 0
0 0 0 0 0 0 55 0 0 30 0 0 60 0 0 25 0 0 0 0 0 0 0 0 5 0 0 -5 0 0 0 0
0 -1 0 0 0 0 55 0 0 30 0 0 60 0 0 25 0 0 65 0 0 -75 0 0 60 0 0 -70 0 0 0 0
0 0 0 0 0 0 55 0 0 30 0 0 60 0 0 25 0 0 0 0 0 0 0 0 5 0 0 -5 0 0 0 0
0 -1 0 0 0 0 55 0 0 30 0 0 60 0 0 25 0 0 65 0 0 -75 0 0 60 0 0 -70 0 0 0 0
0 0 0 0 0 0 55 0 0 30 0 0 60 0 0 25 0 0 0 0 0 0 0 0 5 0 0 -5 0 0 0 0
0 -1 0 0 0 0 55 0 0 30 0 0 60 0 0 25 0 0 65 0 0 -75 0 0 60 0 0 -70 0 0 0 0
0 0 0 0 0 0 55 0 0 30 0 0 60 0 0 25 0 0 0 0 0 0 0 0 5 0 0 -5 0 0 0 0
0 -1 0 0 0 0 55 0 0 30 0 0 60 0 0 25 0 0 65 0 0 -75 0 0 60 0 0 -70 0 0 0 0
0 0 0 0 0 0 55 0 0 30 0 0 60 0 0 25 0 0 0 0 0 0 0 0 5 0 0 -5 0 0 0 0
0 -1 0 0 0 0 55 0 0 30 0 0 60 0 0 25 0 0 65 0 0 -75 0 0 60 0 0 -70 0 0 0 0
0 0 0 0 0 0 55 0 0 30 0 0 60 0 0 25 0 0 0 0 0 0 0 0 5 0 0 -5 0 0 0 0
0 -1 0 0 0 0 55 0 0 30 0 0 60 0 0 25 0 0 65 0 0 -75 0 0 60 0 0 -70 0 0 0 0
0 0 0 0 0 0 55 0 0 30 0 0 60 0 0 25 0 0 0 0 0 0 0 0 5 0 0 -5 0 0 0 0
0 0 0 25 0 0 55 0 0 30 0 0 60 0 0 25 0 0 0 0 0 0 0 0 5 0 0 -5 0 0 0 0
0 0 0 90 0 0 55 0 0 30 0 0 60 0 0 25 0 0 0 0 0 0 0 0 5 0 0 -5 0 0 0 0
0 0 0 135 0 0 55 0 0 30 0 0 60 0 0 25 0 0 0 0 0 0 0 0 5 0 0 -5 0 0 0 0
0 0 0 -15 0 0 55 0 0 30 0 0 60 0 0 25 0 0 0 0 0 0 0 0 5 0 0 -5 0 0 0 0
0 0 0 0 0 0 55 0 0 30 0 0 60 0 0 25 0 0 0 0 0 0 0 0 5 0 0 -5 0 0 0 0
0 0 0 0 50 0 55 0 0 30 0 0 60 0 0 25 0 0 0 0 0 0 0 0 5 0 0 -5 0 0 0 0
0 0 0 0 100 0 55 0 0 30 0 0 60 0 0 25 0 0 0 0 0 0 0 0 5 0 0 -5 0 0 0 0
0 0 0 0 100 0 55 0 0 30 0 0 60 0 0 25 0 0 65 0 0 -60 0 0 65 0 0 -75 0 0 0 0
0 0 0 0 100 0 55 0 0 30 0 0 60 0 0 25 0 0 5 0 0 -5 0 0 0 0 0 5 0 0 0 0
0 0 0 0 100 0 55 0 0 30 0 0 60 0 0 25 0 0 65 0 0 -60 0 0 65 0 0 -75 0 0 0 0
0 0 0 0 100 0 55 0 0 30 0 0 60 0 0 25 0 0 5 0 0 -5 0 0 0 0 0 5 0 0 0 0
0 0 0 0 100 0 55 0 0 30 0 0 60 0 0 25 0 0 65 0 0 -60 0 0 65 0 0 -75 0 0 0 0
0 0 0 0 100 0 55 0 0 30 0 0 60 0 0 25 0 0 5 0 0 -5 0 0 0 0 0 5 0 0 0 0
0 0 0 0 100 0 55 0 0 30 0 0 60 0 0 25 0 0 65 0 0 -60 0 0 65 0 0 -75 0 0 0 0
0 0 0 0 100 0 55 0 0 30 0 0 60 0 0 25 0 0 5 0 0 -5 0 0 0 0 0 5 0 0 0 0
0 0 0 0 100 0 55 0 0 30 0 0 60 0 0 25 0 0 65 0 0 -60 0 0 65 0 0 -75 0 0 0 0
0 0 0 0 100 0 55 0 0 30 0 0 60 0 0 25 0 0 5 0 0 -5 0 0 0 0 0 5 0 0 0 0
0 0 0 0 100 0 55 0 0 30 0 0 60 0 0 25 0 0 65 0 0 -60 0 0 65 0 0 -75 0 0 0 0
0 0 0 0 100 0 55 0 0 30 0 0 60 0 0 25 0 0 5 0 0 -5 0 0 0 0 0 5 0 0 0 0
0 0 0 0 100 0 55 0 0 30 0 0 60 0 0 25 0 0 65 0 0 -60 0 0 65 0 0 -75 0 0 0 0
0 0 0 0 100 0 55 0 0 30 0 0 60 0 0 25 0 0 5 0 0 -5 0 0 0 0 0 5 0 0 0 0
0 0 0 0 100 0 55 0 0 30 0 0 60 0 0 25 0 0 65 0 0 -60 0 0 65 0 0 -75 0 0 0 0
0 0 0 0 100 0 55 0 0 30 0 0 60 0 0 25 0 0 5 0 0 -5 0 0 0 0 0 5 0 0 0 0
0 0 0 0 100 0 55 0 0 30 0 0 60 0 0 25 0 0 65 0 0 -60 0 0 65 0 0 -75 0 0 0 0
0 0 0 0 100 0 55 0 0 30 0 0 60 0 0 25 0 0 5 0 0 -5 0 0 0 0 0 5 0 0 0 0
0 0 0 0 100 0 55 0 0 30 0 0 60 0 0 25 0 0 65 0 0 -60 0 0 65 0 0 -75 0 0 0 0
0 0 0 0 100 0 55 0 0 30 0 0 60 0 0 25 0 0 5 0 0 -5 0 0 0 0 0 5 0 0 0 0
0 0 0 0 100 0 55 0 0 30 0 0 60 0 0 25 0 0 65 0 0 -60 0 0 65 0 0 -75 0 0 0 0
0 0 0 0 100 0 55 0 0 30 0 0 60 0 0 25 0 0 5 0 0 -5 0 0 0 0 0 5 0 0 0 0
0 0 0 0 100 0 55 0 0 30 0 0 60 0 0 25 0 0 65 0 0 -60 0 0 65 0 0 -75 0 0 0 0
0 0 0 0 100 0 55 0 0 30 0 0 60 0 0 25 0 0 5 0 0 -5 0 0 0 0 0 5 0 0 0 0
0 0 0 0 100 0 55 0 0 30 0 0 60 0 0 25 0 0 65 0 0 -60 0 0 65 0 0 -75 0 0 0 0
0 0 0 0 100 0 55 0 0 30 0 0 60 0 0 25 0 0 5 0 0 -5 0 0 0 0 0 5 0 0 0 0
0 0 0 0 100 0 55 0 0 30 0 0 60 0 0 25 0 0 65 0 0 -60 0 0 65 0 0 -75 0 0 0 0
0 0 0 0 100 0 55 0 0 30 0 0 60 0 0 25 0 0 5 0 0 -5 0 0 0 0 0 5 0 0 0 0
0 0 0 0 100 0 55 0 0 30 0 0 60 0 0 25 0 0 65 0 0 -60 0 0 65 0 0 -75 0 0 0 0
0 0 0 0 100 0 55 0 0 30 0 0 60 0 0 25 0 0 5 0 0 -5 0 0 0 0 0 5 0 0 0 0
0 0 0 0 100 0 55 0 0 30 0 0 60 0 0 25 0 0 65 0 0 -60 0 0 65 0 0 -75 0 0 0 0
0 0 0 0 100 0 55 0 0 30 0 0 60 0 0 25 0 0 5 0 0 -5 0 0 0 0 0 5 0 0 0 0
0 0 0 0 100 0 55 0 0 30 0 0 60 0 0 25 0 0 65 0 0 -60 0 0 65 0 0 -75 0 0 0 0
0 0 0 0 100 0 55 0 0 30 0 0 60 0 0 25 0 0 5 0 0 -5 0 0 0 0 0 5 0 0 0 0
0 0 0 0 100 0 55 0 0 30 0 0 60 0 0 25 0 0 65 0 0 -60 0 0 65 0 0 -75 0 0 0 0
0 0 0 0 100 0 55 0 0 30 0 0 60 0 0 25 0 0 5 0 0 -5 0 0 0 0 0 5 0 0 0 0
0 0 0 0 100 0 55 0 0 30 0 0 60 0 0 25 0 0 65 0 0 -60 0 0 65 0 0 -75 0 0 0 0
0 0 0 0 100 0 55 0 0 30 0 0 60 0 0 25 0 0 5 0 0 -5 0 0 0 0 0 5 0 0 0 0
0 0 0 0 100 0 55 0 0 30 0 0 60 0 0 25 0 0 65 0 0 -60 0 0 65 0 0 -75 0 0 0 0
0 0 0 0 100 0 55 0 0 30 0 0 60 0 0 25 0 0 5 0 0 -5 0 0 0 0 0 5 0 0 0 0
0 0 0 0 100 0 55 0 0 30 0 0 60 0 0 25 0 0 65 0 0 -60 0 0 65 0 0 -75 0 0 0 0
0 0 0 0 100 0 55 0 0 30 0 0 60 0 0 25 0 0 5 0 0 -5 0 0 0 0 0 5 0 0 0 0
0 0 0 0 100 0 55 0 0 30 0 0 60 0 0 25 0 0 65 0 0 -60 0 0 65 0 0 -75 0 0 0 0
0 0 0 0 100 0 55 0 0 30 0 0 60 0 0 25 0 0 5 0 0 -5 0 0 0 0 0 5 0 0 0 0
0 0 0 0 100 0 55 0 0 30 0 0 60 0 0 25 0 0 65 0 0 -60 0 0 65 0 0 -75 0 0 0 0
0 0 0 0 100 0 55 0 0 30 0 0 60 0 0 25 0 0 5 0 0 -5 0 0 0 0 0 5 0 0 0 0
0 0 0 0 100 0 55 0 0 30 0 0 60 0 0 25 0 0 65 0 0 -60 0 0 65 0 0 -75 0 0 0 0
0 0 0 0 100 0 55 0 0 30 0 0 60 0 0 25 0 0 5 0 0 -5 0 0 0 0 0 5 0 0 0 0
0 0 0 0 100 0 55 0 0 30 0 0 60 0 0 25 0 0 65 0 0 -60 0 0 65 0 0 -75 0 0 0 0
0 0 0 0 100 0 55 0 0 30 0 0 60 0 0 25 0 0 5 0 0 -5 0 0 0 0 0 5 0 0 0 0
0 0 0 0 100 0 55 0 0 30 0 0 60 0 0 25 0 0 65 0 0 -60 0 0 65 0 0 -75 0 0 0 0
0 0 0 0 100 0 55 0 0 30 0 0 60 0 0 25 0 0 5 0 0 -5 0 0 0 0 0 5 0 0 0 0
0 0 0 0 100 0 55 0 0 30 0 0 60 0 0 25 0 0 65 0 0 -60 0 0 65 0 0 -75 0 0 0 0
0 0 0 0 100 0 55 0 0 30 0 0 60 0 0 25 0 0 5 0 0 -5 0 0 0 0 0 5 0 0 0 0
0 0 0 0 100 0 55 0 0 30 0 0 60 0 0 25 0 0 65 0 0 -60 0 0 65 0 0 -75 0 0 0 0
0 0 0 0 100 0 55 0 0 30 0 0 60 0 0 25 0 0 5 0 0 -5 0 0 0 0 0 5 0 0 0 0
0 0 0 0 100 0 55 0 0 30 0 0 60 0 0 25 0 0 65 0 0 -60 0 0 65 0 0 -75 0 0 0 0
0 0 0 0 100 0 55 0 0 30 0 0 60 0 0 25 0 0 5 0 0 -5 0 0 0 0 0 5 0 0 0 0
0 0 0 0 100 0 55 0 0 30 0 0 60 0 0 25 0 0 65 0 0 -60 0 0 65 0 0 -75 0 0 0 0
0 0 0 0 100 0 55 0 0 30 0 0 60 0 0 25 0 0 5 0 0 -5 0 0 0 0 0 5 0 0 0 0
0 0 0 0 100 0 55 0 0 30 0 0 60 0 0 25 0 0 65 0 0 -60 0 0 65 0 0 -75 0 0 0 0
0 0 0 0 100 0 55 0 0 30 0 0 60 0 0 25 0 0 5 0 0 -5 0 0 0 0 0 5 0 0 0 0
0 0 0 0 100 0 55 0 0 30 0 0 60 0 0 25 0 0 65 0 0 -60 0 0 65 0 0 -75 0 0 0 0
0 0 0 0 100 0 55 0 0 30 0 0 60 0 0 25 0 0 5 0 0 -5 0 0 0 0 0 5 0 0 0 0
0 0 0 0 100 0 55 0 0 30 0 0 60 0 0 25 0 0 65 0 0 -60 0 0 65 0 0 -75 0 0 0 0
0 0 0 0 100 0 55 0 0 30 0 0 60 0 0 25 0 0 5 0 0 -5 0 0 0 0 0 5 0 0 0 0
0 0 0 0 100 0 55 0 0 30 0 0 60 0 0 25 0 0 65 0 0 -60 0 0 65 0 0 -75 0 0 0 0
0 0 0 0 100 0 55 0 0 30 0 0 60 0 0 25 0 0 5 0 0 -5 0 0 0 0 0 5 0 0 0 0
0 0 0 0 100 0 55 0 0 30 0 0 60 0 0 25 0 0 65 0 0 -60 0 0 65 0 0 -75 0 0 0 0
0 0 0 0 100 0 55 0 0 30 0 0 60 0 0 25 0 0 5 0 0 -5 0 0 0 0 0 5 0 0 0 0
0 0 0 0 100 0 55 0 0 30 0 0 60 0 0 25 0 0 65 0 0 -60 0 0 65 0 0 -75 0 0 0 0
0 0 0 0 100 0 55 0 0 30 0 0 60 0 0 25 0 0 5 0 0 -5 0 0 0 0 0 5 0 0 0 0
0 0 0 0 100 0 55 0 0 30 0 0 60 0 0 25 0 0 65 0 0 -60 0 0 65 0 0 -75 0 0 0 0
0 0 0 0 100 0 55 0 0 30 0 0 60 0 0 25 0 0 5 0 0 -5 0 0 0 0 0 5 0 0 0 0
0 0 0 0 100 0 55 0 0 30 0 0 60 0 0 25 0 0 65 0 0 -60 0 0 65 0 0 -75 0 0 0 0
0 0 0 0 100 0 55 0 0 30 0 0 60 0 0 25 0 0 5 0 0 -5 0 0 0 0 0 5 0 0 0 0
0 0 0 0 100 0 55 0 0 30 0 0 60 0 0 25 0 0 65 0 0 -60 0 0 65 0 0 -75 0 0 0 0
0 0 0 0 100 0 55 0 0 30 0 0 60 0 0 25 0 0 5 0 0 -5 0 0 0 0 0 5 0 0 0 0
0 0 0 0 100 0 55 0 0 30 0 0 60 0 0 25 0 0 65 0 0 -60 0 0 65 0 0 -75 0 0 0 0
0 0 0 0 100 0 55 0 0 30 0 0 60 0 0 25 0 0 5 0 0 -5 0 0 0 0 0 5 0 0 0 0
0 0 0 0 100 0 55 0 0 30 0 0 60 0 0 25 0 0 65 0 0 -60 0 0 65 0 0 -75 0 0 0 0
0 0 0 0 100 0 55 0 0 30 0 0 60 0 0 25 0 0 5 0 0 -5 0 0 0 0 0 5 0 0 0 0
0 0 0 0 100 0 55 0 0 30 0 0 60 0 0 25 0 0 65 0 0 -60 0 0 65 0 0 -75 0 0 0 0
0 0 0 0 100 0 55 0 0 30 0 0 60 0 0 25 0 0 5 0 0 -5 0 0 0 0 0 5 0 0 0 0
0 0 0 0 100 0 55 0 0 30 0 0 60 0 0 25 0 0 65 0 0 -60 0 0 65 0 0 -75 0 0 0 0
0 0 0 0 100 0 55 0 0 30 0 0 60 0 0 25 0 0 5 0 0 -5 0 0 0 0 0 5 0 0 0 0
0 0 0 0 100 0 55 0 0 30 0 0 60 0 0 25 0 0 65 0 0 -60 0 0 65 0 0 -75 0 0 0 0
0 0 0 0 100 0 55 0 0 30 0 0 60 0 0 25 0 0 5 0 0 -5 0 0 0 0 0 5 0 0 0 0
0 0 0 0 100 0 55 0 0 30 0 0 60 0 0 25 0 0 65 0 0 -60 0 0 65 0 0 -75 0 0 0 0
0 0 0 0 100 0 55 0 0 30 0 0 60 0 0 25 0 0 5 0 0 -5 0 0 0 0 0 5 0 0 0 0
0 0 0 0 100 0 55 0 0 30 0 0 60 0 0 25 0 0 65 0 0 -60 0 0 65 0 0 -75 0 0 0 0
0 0 0 0 100 0 55 0 0 30 0 0 60 0 0 25 0 0 5 0 0 -5 0 0 0 0 0 5 0 0 0 0
0 0 0 0 100 0 55 0 0 30 0 0 60 0 0 25 0 0 65 0 0 -60 0 0 65 0 0 -75 0 0 0 0
0 0 0 0 100 0 55 0 0 30 0 0 60 0 0 25 0 0 5 0 0 -5 0 0 0 0 0 5 0 0 0 0
0 0 0 0 100 0 55 0 0 30 0 0 60 0 0 25 0 0 65 0 0 -60 0 0 65 0 0 -75 0 0 0 0
0 0 0 0 100 0 55 0 0 30 0 0 60 0 0 25 0 0 5 0 0 -5 0 0 0 0 0 5 0 0 0 0
0 0 0 0 100 0 55 0 0 30 0 0 60 0 0 25 0 0 65 0 0 -60 0 0 65 0 0 -75 0 0 0 0
0 0 0 0 100 0 55 0 0 30 0 0 60 0 0 25 0 0 5 0 0 -5 0 0 0 0 0 5 0 0 0 0
0 0 0 0 100 0 55 0 0 30 0 0 60 0 0 25 0 0 65 0 0 -60 0 0 65 0 0 -75 0 0 0 0
0 0 0 0 100 0 55 0 0 30 0 0 60 0 0 25 0 0 5 0 0 -5 0 0 0 0 0 5 0 0 0 0
0 0 0 0 100 0 55 0 0 30 0 0 60 0 0 25 0 0 65 0 0 -60 0 0 65 0 0 -75 0 0 0 0
0 0 0 0 100 0 55 0 0 30 0 0 60 0 0 25 0 0 5 0 0 -5 0 0 0 0 0 5 0 0 0 0
0 0 0 0 100 0 55 0 0 30 0 0 60 0 0 25 0 0 65 0 0 -60 0 0 65 0 0 -75 0 0 0 0
0 0 0 0 100 0 55 0 0 30 0 0 60 0 0 25 0 0 5 0 0 -5 0 0 0 0 0 5 0 0 0 0
0 0 0 0 100 0 55 0 0 30 0 0 60 0 0 25 0 0 65 0 0 -60 0 0 65 0 0 -75 0 0 0 0
0 0 0 0 100 0 55 0 0 30 0 0 60 0 0 25 0 0 5 0 0 -5 0 0 0 0 0 5 0 0 0 0
0 0 0 0 100 0 55 0 0 30 0 0 60 0 0 25 0 0 65 0 0 -60 0 0 65 0 0 -75 0 0 0 0
0 0 0 0 100 0 55 0 0 30 0 0 60 0 0 25 0 0 5 0 0 -5 0 0 0 0 0 5 0 0 0 0
0 0 0 0 100 0 55 0 0 30 0 0 60 0 0 25 0 0 65 0 0 -60 0 0 65 0 0 -75 0 0 0 0
0 0 0 0 100 0 55 0 0 30 0 0 60 0 0 25 0 0 5 0 0 -5 0 0 0 0 0 5 0 0 0 0
0 0 0 0 100 0 55 0 0 30 0 0 60 0 0 25 0 0 65 0 0 -60 0 0 65 0 0 -75 0 0 0 0
0 0 0 0 100 0 55 0 0 30 0 0 60 0 0 25 0 0 5 0 0 -5 0 0 0 0 0 5 0 0 0 0
0 0 0 0 100 0 55 0 0 30 0 0 60 0 0 25 0 0 65 0 0 -60 0 0 65 0 0 -75 0 0 0 0
0 0 0 0 100 0 55 0 0 30 0 0 60 0 0 25 0 0 5 0 0 -5 0 0 0 0 0 5 0 0 0 0
0 0 0 0 100 0 55 0 0 30 0 0 60 0 0 25 0 0 65 0 0 -60 0 0 65 0 0 -75 0 0 0 0
0 0 0 0 100 0 55 0 0 30 0 0 60 0 0 25 0 0 5 0 0 -5 0 0 0 0 0 5 0 0 0 0
0 0 0 0 100 0 55 0 0 30 0 0 60 0 0 25 0 0 65 0 0 -60 0 0 65 0 0 -75 0 0 0 0
0 0 0 0 100 0 55 0 0 30 0 0 60 0 0 25 0 0 5 0 0 -5 0 0 0 0 0 5 0 0 0 0
0 0 0 0 100 0 55 0 0 30 0 0 60 0 0 25 0 0 65 0 0 -60 0 0 65 0 0 -75 0 0 0 0
0 0 0 0 100 0 55 0 0 30 0 0 60 0 0 25 0 0 5 0 0 -5 0 0 0 0 0 5 0 0 0 0
0 0 0 0 100 0 55 0 0 30 0 0 60 0 0 25 0 0 65 0 0 -60 0 0 65 0 0 -75 0 0 0 0
0 0 0 0 100 0 55 0 0 30 0 0 60 0 0 25 0 0 5 0 0 -5 0 0 0 0 0 5 0 0 0 0
